373.12
374.83
376.54
378.25
379.96
381.67
383.38
385.08
386.79
388.5
390.21
391.92
393.63
395.34
397.05
398.76
400.47
402.18
403.89
405.6
407.31
409.01
410.72
412.43
414.14
415.85
417.56
419.27
420.98
422.69
424.4
426.11
427.82
429.53
431.25
432.96
434.67
436.38
438.09
439.8
441.51
443.22
444.93
446.64
448.35
450.06
451.77
453.48
455.2
456.91
458.62
460.33
462.04
463.75
465.46
467.17
468.89
470.6
472.31
474.02
475.73
477.44
479.16
480.87
482.58
484.29
486
487.72
489.43
491.14
492.85
494.56
496.28
497.99
499.7
501.41
503.13
504.84
506.55
508.26
509.98
511.69
513.4
515.11
516.83
518.54
520.25
521.97
523.68
525.39
527.11
528.82
530.53
532.25
533.96
535.67
537.39
539.1
540.81
542.53
544.24
545.95
547.67
549.38
551.1
552.81
554.52
556.24
557.95
559.67
561.38
563.1
564.81
566.52
568.24
569.95
571.67
573.38
575.1
576.81
578.53
580.24
581.96
583.67
585.39
587.1
588.82
590.53
592.25
593.96
595.68
597.39
599.11
600.82
602.54
604.25
605.97
607.69
609.4
611.12
612.83
614.55
616.26
617.98
619.7
621.41
623.13
624.85
626.56
628.28
629.99
631.71
633.43
635.14
636.86
638.58
640.29
642.01
643.73
645.44
647.16
648.88
650.59
652.31
654.03
655.74
657.46
659.18
660.9
662.61
664.33
666.05
667.77
669.48
671.2
672.92
674.64
676.35
678.07
679.79
681.51
683.23
684.94
686.66
688.38
690.1
691.82
693.53
695.25
696.97
698.69
700.41
702.13
703.84
705.56
707.28
709
710.72
712.44
714.16
715.88
717.59
719.31
721.03
722.75
724.47
726.19
727.91
729.63
731.35
733.07
734.79
736.51
738.23
739.95
741.67
743.39
745.1
746.82
748.54
750.26
751.98
753.7
755.42
757.14
758.87
760.59
762.31
764.03
765.75
767.47
769.19
770.91
772.63
774.35
776.07
777.79
779.51
781.23
782.95
784.67
786.4
788.12
789.84
791.56
793.28
795
796.72
798.44
800.17
801.89
803.61
805.33
807.05
808.77
810.49
812.22
813.94
815.66
817.38
819.1
820.83
822.55
824.27
825.99
827.72
829.44
831.16
832.88
834.6
836.33
838.05
839.77
841.49
843.22
844.94
846.66
848.39
850.11
851.83
853.56
855.28
857
858.72
860.45
862.17
863.89
865.62
867.34
869.06
870.79
872.51
874.24
875.96
877.68
879.41
881.13
882.85
884.58
886.3
888.03
889.75
891.47
893.2
894.92
896.65
898.37
900.1
901.82
903.55
905.27
906.99
908.72
910.44
912.17
913.89
915.62
917.34
919.07
920.79
922.52
924.24
925.97
927.69
929.42
931.14
932.87
934.6
936.32
938.05
939.77
941.5
943.22
944.95
946.68
948.4
950.13
951.85
953.58
955.31
957.03
958.76
960.48
962.21
963.94
965.66
967.39
969.12
975.17
980.85
986.52
992.2
997.87
1003.6
1009.2
1014.9
1020.6
1026.2
1031.9
1037.6
1043.3
1048.9
1054.6
1060.3
1065.9
1071.6
1077.3
1082.9
1088.6
1094.3
1099.9
1105.6
1111.2
1116.9
1122.6
1128.2
1133.9
1139.5
1145.2
1150.8
1156.5
1162.2
1167.8
1173.5
1179.1
1184.8
1190.4
1196.1
1201.7
1207.4
1213
1218.7
1224.3
1230
1235.6
1241.3
1246.9
1252.6
1258.2
1263.8
1269.5
1275.1
1280.8
1286.4
1292
1297.7
1303.3
1309
1314.6
1320.2
1325.9
1331.5
1337.1
1342.8
1348.4
1354
1359.7
1365.3
1370.9
1376.6
1382.2
1387.8
1393.4
1399.1
1404.7
1410.3
1415.9
1421.6
1427.2
1432.8
1438.4
1444
1449.7
1455.3
1460.9
1466.5
1472.1
1477.8
1483.4
1489
1494.6
1500.2
1505.8
1511.4
1517.1
1522.7
1528.3
1533.9
1539.5
1545.1
1550.7
1556.3
1561.9
1567.5
1573.1
1578.7
1584.3
1589.9
1595.5
1601.1
1606.7
1612.3
1617.9
1623.5
1629.1
1634.7
1640.3
1645.9
1651.5
1657.1
1662.7
1668.3
1673.9
1679.5
1685.1
1690.7
1696.3
1701.9
1707.4
1713
1718.6
1724.2
1729.8
1735.4
1741
1746.5
1752.1
1757.7
1763.3
1768.9
1774.5
1780
1785.6
1791.2
1796.8
1802.3
1807.9
1813.5
1819.1
1824.6
1830.2
1835.8
1841.4
1846.9
1852.5
1858.1
1863.6
1869.2
1874.8
1880.3
1885.9
1891.5
1897
1902.6
1908.2
1913.7
1919.3
1924.8
1930.4
1936
1941.5
1947.1
1952.7
1958.2
1963.8
1969.3
1974.9
1980.4
1986
1991.5
1997.1
2002.6
2008.2
2013.7
2019.3
2024.8
2030.4
2035.9
2041.5
2047
2052.6
2058.1
2063.7
2069.2
2074.8
2080.3
2085.8
2091.4
2096.9
2102.5
2108
2113.5
2119.1
2124.6
2130.1
2135.7
2141.2
2146.7
2152.3
2157.8
2163.3
2168.9
2174.4
2179.9
2185.5
2191
2196.5
2202
2207.6
2213.1
2218.6
2224.1
2229.7
2235.2
2240.7
2246.2
2251.8
2257.3
2262.8
2268.3
2273.8
2279.3
2284.9
2290.4
2295.9
2301.4
2306.9
2312.4
2318
2323.5
2329
2334.5
2340
2345.5
2351
2356.5
2362
2367.5
2373
2378.6
2384
2389.5
2395.1
2400.6
2406.1
2411.6
2417.1
2422.6
2428.1
2433.6
2439
2444.6
2450.1
2455.5
2461
2466.5
2472
2477.5
2483
2488.5
2494
2499.5
2505
