   4.0000000e+02   4.9579348e+02
   4.0100000e+02   4.6287909e+02
   4.0200000e+02   4.9830201e+02
   4.0300000e+02   4.6360130e+02
   4.0400000e+02   5.0228497e+02
   4.0500000e+02   4.4590427e+02
   4.0600000e+02   4.3751773e+02
   4.0700000e+02   4.5091290e+02
   4.0800000e+02   4.6021949e+02
   4.0900000e+02   5.0564976e+02
   4.1000000e+02   4.1207069e+02
   4.1100000e+02   4.7707371e+02
   4.1200000e+02   5.0075821e+02
   4.1300000e+02   4.7595375e+02
   4.1400000e+02   4.8808672e+02
   4.1500000e+02   4.8539933e+02
   4.1600000e+02   4.7395332e+02
   4.1700000e+02   4.7294247e+02
   4.1800000e+02   4.6135729e+02
   4.1900000e+02   4.6875431e+02
   4.2000000e+02   4.3995097e+02
   4.2100000e+02   4.9845137e+02
   4.2200000e+02   4.8461328e+02
   4.2300000e+02   4.1943795e+02
   4.2400000e+02   4.5362801e+02
   4.2500000e+02   4.6369524e+02
   4.2600000e+02   4.3739431e+02
   4.2700000e+02   4.2950489e+02
   4.2800000e+02   4.4271463e+02
   4.2900000e+02   4.1781829e+02
   4.3000000e+02   3.3739351e+02
   4.3100000e+02   3.1472397e+02
   4.3200000e+02   4.8679797e+02
   4.3300000e+02   4.3906351e+02
   4.3400000e+02   3.9704153e+02
   4.3500000e+02   4.5429220e+02
   4.3600000e+02   4.7875578e+02
   4.3700000e+02   4.8690690e+02
   4.3800000e+02   4.3396711e+02
   4.3900000e+02   4.2434993e+02
   4.4000000e+02   4.6827381e+02
   4.4100000e+02   4.6160008e+02
   4.4200000e+02   4.8144555e+02
   4.4300000e+02   4.9219225e+02
   4.4400000e+02   4.8143977e+02
   4.4500000e+02   5.0403304e+02
   4.4600000e+02   4.3993184e+02
   4.4700000e+02   4.8938791e+02
   4.4800000e+02   4.9772024e+02
   4.4900000e+02   5.0577772e+02
   4.5000000e+02   5.0044957e+02
   4.5100000e+02   5.3549228e+02
   4.5200000e+02   5.0845886e+02
   4.5300000e+02   4.6611442e+02
   4.5400000e+02   4.9528939e+02
   4.5500000e+02   4.8566585e+02
   4.5600000e+02   5.0392960e+02
   4.5700000e+02   5.0299744e+02
   4.5800000e+02   5.0028645e+02
   4.5900000e+02   4.8776759e+02
   4.6000000e+02   4.8439516e+02
   4.6100000e+02   5.0116732e+02
   4.6200000e+02   5.0467725e+02
   4.6300000e+02   5.0715375e+02
   4.6400000e+02   4.9142731e+02
   4.6500000e+02   4.8088155e+02
   4.6600000e+02   4.9542998e+02
   4.6700000e+02   4.6200734e+02
   4.6800000e+02   4.8379798e+02
   4.6900000e+02   4.8933669e+02
   4.7000000e+02   4.6868809e+02
   4.7100000e+02   4.7284584e+02
   4.7200000e+02   4.9013736e+02
   4.7300000e+02   4.7519872e+02
   4.7400000e+02   4.8166270e+02
   4.7500000e+02   4.9021538e+02
   4.7600000e+02   4.7054212e+02
   4.7700000e+02   4.6314399e+02
   4.7800000e+02   4.9100458e+02
   4.7900000e+02   4.7084250e+02
   4.8000000e+02   4.8680473e+02
   4.8100000e+02   4.7326692e+02
   4.8200000e+02   4.8532730e+02
   4.8300000e+02   4.7299198e+02
   4.8400000e+02   4.6249834e+02
   4.8500000e+02   4.6509950e+02
   4.8600000e+02   3.6410658e+02
   4.8700000e+02   4.0920093e+02
   4.8800000e+02   4.5225209e+02
   4.8900000e+02   4.2248021e+02
   4.9000000e+02   4.7444325e+02
   4.9100000e+02   4.5573938e+02
   4.9200000e+02   4.2928243e+02
   4.9300000e+02   4.5535868e+02
   4.9400000e+02   4.3903261e+02
   4.9500000e+02   4.6676947e+02
   4.9600000e+02   4.4407523e+02
   4.9700000e+02   4.5070947e+02
   4.9800000e+02   4.3984412e+02
   4.9900000e+02   4.3627878e+02
   5.0000000e+02   4.3514466e+02
   5.0100000e+02   4.1643817e+02
   5.0200000e+02   4.0576296e+02
   5.0300000e+02   4.3512203e+02
   5.0400000e+02   3.9838743e+02
   5.0500000e+02   4.2945622e+02
   5.0600000e+02   4.5101323e+02
   5.0700000e+02   4.2206982e+02
   5.0800000e+02   4.1203170e+02
   5.0900000e+02   4.3861561e+02
   5.1000000e+02   4.2389557e+02
   5.1100000e+02   4.2266153e+02
   5.1200000e+02   4.4055815e+02
   5.1300000e+02   4.1191332e+02
   5.1400000e+02   3.9947701e+02
   5.1500000e+02   4.1273805e+02
   5.1600000e+02   4.1912214e+02
   5.1700000e+02   3.2594228e+02
   5.1800000e+02   3.9669281e+02
   5.1900000e+02   3.7061406e+02
   5.2000000e+02   4.1285390e+02
   5.2100000e+02   4.0035623e+02
   5.2200000e+02   4.1444002e+02
   5.2300000e+02   3.8186590e+02
   5.2400000e+02   4.1905811e+02
   5.2500000e+02   4.1249524e+02
   5.2600000e+02   4.0860845e+02
   5.2700000e+02   3.4954062e+02
   5.2800000e+02   4.0180673e+02
   5.2900000e+02   4.1675140e+02
   5.3000000e+02   3.9694965e+02
   5.3100000e+02   4.2307869e+02
   5.3200000e+02   4.1088907e+02
   5.3300000e+02   3.7041537e+02
   5.3400000e+02   4.0019320e+02
   5.3500000e+02   3.9988314e+02
   5.3600000e+02   4.1540483e+02
   5.3700000e+02   3.8034885e+02
   5.3800000e+02   4.0155030e+02
   5.3900000e+02   3.9371178e+02
   5.4000000e+02   3.8749257e+02
   5.4100000e+02   3.6492929e+02
   5.4200000e+02   3.9038316e+02
   5.4300000e+02   3.7845059e+02
   5.4400000e+02   3.9077821e+02
   5.4500000e+02   3.8498983e+02
   5.4600000e+02   3.7740863e+02
   5.4700000e+02   3.8966051e+02
   5.4800000e+02   3.6713199e+02
   5.4900000e+02   3.8861014e+02
   5.5000000e+02   3.7951152e+02
   5.5100000e+02   3.7609407e+02
   5.5200000e+02   3.8522278e+02
   5.5300000e+02   3.7096836e+02
   5.5400000e+02   3.7769550e+02
   5.5500000e+02   3.8235767e+02
   5.5600000e+02   3.7299482e+02
   5.5700000e+02   3.5659111e+02
   5.5800000e+02   3.7013209e+02
   5.5900000e+02   3.4765270e+02
   5.6000000e+02   3.4485891e+02
   5.6100000e+02   3.7496820e+02
   5.6200000e+02   3.4992294e+02
   5.6300000e+02   3.5723175e+02
   5.6400000e+02   3.5047586e+02
   5.6500000e+02   3.5684085e+02
   5.6600000e+02   3.3565549e+02
   5.6700000e+02   3.5257997e+02
   5.6800000e+02   3.4683071e+02
   5.6900000e+02   3.3552220e+02
   5.7000000e+02   3.3828858e+02
   5.7100000e+02   3.2333645e+02
   5.7200000e+02   3.4063325e+02
   5.7300000e+02   3.4153431e+02
   5.7400000e+02   3.4135802e+02
   5.7500000e+02   3.3383701e+02
   5.7600000e+02   3.2652638e+02
   5.7700000e+02   3.3791243e+02
   5.7800000e+02   3.2802725e+02
   5.7900000e+02   3.2552468e+02
   5.8000000e+02   3.3528161e+02
   5.8100000e+02   3.3170975e+02
   5.8200000e+02   3.3454109e+02
   5.8300000e+02   3.3804306e+02
   5.8400000e+02   3.3611116e+02
   5.8500000e+02   3.3333747e+02
   5.8600000e+02   3.1854857e+02
   5.8700000e+02   3.2912257e+02
   5.8800000e+02   3.2019986e+02
   5.8900000e+02   2.7331645e+02
   5.9000000e+02   2.8271591e+02
   5.9100000e+02   3.0719967e+02
   5.9200000e+02   2.9864867e+02
   5.9300000e+02   3.0358696e+02
   5.9400000e+02   3.0307150e+02
   5.9500000e+02   2.9387897e+02
   5.9600000e+02   3.0641537e+02
   5.9700000e+02   3.0692544e+02
   5.9800000e+02   3.0453390e+02
   5.9900000e+02   3.0096771e+02
   6.0000000e+02   3.0554640e+02
   6.0100000e+02   3.0561894e+02
   6.0200000e+02   2.9869793e+02
   6.0300000e+02   3.0544999e+02
   6.0400000e+02   3.0961932e+02
   6.0500000e+02   3.1019756e+02
   6.0600000e+02   3.0544981e+02
   6.0700000e+02   3.0580055e+02
   6.0800000e+02   3.0243581e+02
   6.0900000e+02   2.9982294e+02
   6.1000000e+02   2.9560135e+02
   6.1100000e+02   2.9911107e+02
   6.1200000e+02   2.9420951e+02
   6.1300000e+02   2.9749225e+02
   6.1400000e+02   2.8479725e+02
   6.1500000e+02   2.9587533e+02
   6.1600000e+02   2.8110103e+02
   6.1700000e+02   2.8240505e+02
   6.1800000e+02   2.9050460e+02
   6.1900000e+02   2.8694518e+02
   6.2000000e+02   2.9225934e+02
   6.2100000e+02   2.9409982e+02
   6.2200000e+02   2.8254519e+02
   6.2300000e+02   2.8082293e+02
   6.2400000e+02   2.8410200e+02
   6.2500000e+02   2.7511839e+02
   6.2600000e+02   2.7432804e+02
   6.2700000e+02   2.7930120e+02
   6.2800000e+02   2.6519648e+02
   6.2900000e+02   2.7365460e+02
   6.3000000e+02   2.6614196e+02
   6.3100000e+02   2.7635499e+02
   6.3200000e+02   2.6261025e+02
   6.3300000e+02   2.7588499e+02
   6.3400000e+02   2.6909353e+02
   6.3500000e+02   2.7346237e+02
   6.3600000e+02   2.6792886e+02
   6.3700000e+02   2.7342214e+02
   6.3800000e+02   2.7535610e+02
   6.3900000e+02   2.7542238e+02
   6.4000000e+02   2.6488768e+02
   6.4100000e+02   2.6589928e+02
   6.4200000e+02   2.6529287e+02
   6.4300000e+02   2.6870423e+02
   6.4400000e+02   2.6715389e+02
   6.4500000e+02   2.6536868e+02
   6.4600000e+02   2.5575602e+02
   6.4700000e+02   2.5414429e+02
   6.4800000e+02   2.4786928e+02
   6.4900000e+02   2.4902809e+02
   6.5000000e+02   2.4206971e+02
   6.5100000e+02   2.6048933e+02
   6.5200000e+02   2.4432517e+02
   6.5300000e+02   2.5510749e+02
   6.5400000e+02   2.5604310e+02
   6.5500000e+02   2.4367521e+02
   6.5600000e+02   2.1050967e+02
   6.5700000e+02   2.2061481e+02
   6.5800000e+02   2.4800578e+02
   6.5900000e+02   2.4940811e+02
   6.6000000e+02   2.4997037e+02
   6.6100000e+02   2.5268228e+02
   6.6200000e+02   2.5633602e+02
   6.6300000e+02   2.5390793e+02
   6.6400000e+02   2.4981063e+02
   6.6500000e+02   2.5171749e+02
   6.6600000e+02   2.5251009e+02
   6.6700000e+02   2.4939226e+02
   6.6800000e+02   2.4890934e+02
   6.6900000e+02   2.5213685e+02
   6.7000000e+02   2.4886043e+02
   6.7100000e+02   2.4734234e+02
   6.7200000e+02   2.4211341e+02
   6.7300000e+02   2.4634919e+02
   6.7400000e+02   2.4546460e+02
   6.7500000e+02   2.4273615e+02
   6.7600000e+02   2.4490344e+02
   6.7700000e+02   2.4115401e+02
   6.7800000e+02   2.4400362e+02
   6.7900000e+02   2.4117023e+02
   6.8000000e+02   2.3981342e+02
   6.8100000e+02   2.3851613e+02
   6.8200000e+02   2.3855468e+02
   6.8300000e+02   2.3764292e+02
   6.8400000e+02   2.3148074e+02
   6.8500000e+02   2.3517548e+02
   6.8600000e+02   2.2999473e+02
   6.8700000e+02   1.6970776e+02
   6.8800000e+02   1.8958629e+02
   6.8900000e+02   1.9449072e+02
   6.9000000e+02   1.9700223e+02
   6.9100000e+02   2.0860129e+02
   6.9200000e+02   2.0954713e+02
   6.9300000e+02   2.0123969e+02
   6.9400000e+02   1.9414394e+02
   6.9500000e+02   2.0234837e+02
   6.9600000e+02   2.0288172e+02
   6.9700000e+02   2.2089213e+02
   6.9800000e+02   2.1336014e+02
   6.9900000e+02   2.0644925e+02
   7.0000000e+02   2.0454245e+02
   7.0100000e+02   1.9748491e+02
   7.0200000e+02   2.0100129e+02
   7.0300000e+02   2.0203089e+02
   7.0400000e+02   2.0775290e+02
   7.0500000e+02   2.0885451e+02
   7.0600000e+02   2.1093663e+02
   7.0700000e+02   2.1021544e+02
   7.0800000e+02   2.1263548e+02
   7.0900000e+02   2.1046073e+02
   7.1000000e+02   2.1210794e+02
   7.1100000e+02   2.1204001e+02
   7.1200000e+02   2.1068692e+02
   7.1300000e+02   2.1020426e+02
   7.1400000e+02   2.1079006e+02
   7.1500000e+02   2.0188313e+02
   7.1600000e+02   2.0298252e+02
   7.1700000e+02   1.5864797e+02
   7.1800000e+02   1.4457640e+02
   7.1900000e+02   1.2901672e+02
   7.2000000e+02   1.3336459e+02
   7.2100000e+02   1.5884085e+02
   7.2200000e+02   1.9102612e+02
   7.2300000e+02   1.7016301e+02
   7.2400000e+02   1.5166930e+02
   7.2500000e+02   1.4800456e+02
   7.2600000e+02   1.5643647e+02
   7.2700000e+02   1.6062125e+02
   7.2800000e+02   1.4769457e+02
   7.2900000e+02   1.5576926e+02
   7.3000000e+02   1.6619935e+02
   7.3100000e+02   1.5413678e+02
   7.3200000e+02   1.7531608e+02
   7.3300000e+02   1.8662522e+02
   7.3400000e+02   1.9523000e+02
   7.3500000e+02   1.8948575e+02
   7.3600000e+02   1.8909422e+02
   7.3700000e+02   1.9027773e+02
   7.3800000e+02   1.9785464e+02
   7.3900000e+02   1.9178487e+02
   7.4000000e+02   1.9867638e+02
   7.4100000e+02   1.9892283e+02
   7.4200000e+02   2.0008435e+02
   7.4300000e+02   2.0430359e+02
   7.4400000e+02   2.0610820e+02
   7.4500000e+02   2.0457520e+02
   7.4600000e+02   2.0551328e+02
   7.4700000e+02   2.0770825e+02
   7.4800000e+02   2.0532306e+02
   7.4900000e+02   2.0555161e+02
   7.5000000e+02   2.0221769e+02
   7.5100000e+02   2.0004043e+02
   7.5200000e+02   2.0501100e+02
   7.5300000e+02   1.9944394e+02
   7.5400000e+02   2.0385730e+02
   7.5500000e+02   2.0197923e+02
   7.5600000e+02   1.9966986e+02
   7.5700000e+02   2.0042274e+02
   7.5800000e+02   2.0022640e+02
   7.5900000e+02   1.9406106e+02
   7.6000000e+02   5.0423569e+01
   7.6100000e+02   3.2519929e+01
   7.6200000e+02   1.1567951e+02
   7.6300000e+02   6.3780830e+01
   7.6400000e+02   9.0491076e+01
   7.6500000e+02   1.1183726e+02
   7.6600000e+02   1.3141821e+02
   7.6700000e+02   1.5397070e+02
   7.6800000e+02   1.7899468e+02
   7.6900000e+02   1.8078238e+02
   7.7000000e+02   1.8486924e+02
   7.7100000e+02   1.8797225e+02
   7.7200000e+02   1.8566493e+02
   7.7300000e+02   1.8660667e+02
   7.7400000e+02   1.8690551e+02
   7.7500000e+02   1.8296106e+02
   7.7600000e+02   1.8669151e+02
   7.7700000e+02   1.8589203e+02
   7.7800000e+02   1.8156303e+02
   7.7900000e+02   1.8421024e+02
   7.8000000e+02   1.8174737e+02
   7.8100000e+02   1.8151144e+02
   7.8200000e+02   1.8328326e+02
   7.8300000e+02   1.7975254e+02
   7.8400000e+02   1.7884106e+02
   7.8500000e+02   1.7850473e+02
   7.8600000e+02   1.7777454e+02
   7.8700000e+02   1.7262113e+02
   7.8800000e+02   1.6902119e+02
   7.8900000e+02   1.6756650e+02
   7.9000000e+02   1.6048646e+02
   7.9100000e+02   1.6450612e+02
   7.9200000e+02   1.6243920e+02
   7.9300000e+02   1.5919251e+02
   7.9400000e+02   1.6698645e+02
   7.9500000e+02   1.6336176e+02
   7.9600000e+02   1.5585407e+02
   7.9700000e+02   1.5827089e+02
   7.9800000e+02   1.6492653e+02
   7.9900000e+02   1.6144082e+02
   8.0000000e+02   1.5333675e+02
   8.0100000e+02   1.5640069e+02
   8.0200000e+02   1.5556898e+02
   8.0300000e+02   1.5154665e+02
   8.0400000e+02   1.5471674e+02
   8.0500000e+02   1.5247221e+02
   8.0600000e+02   1.5891104e+02
   8.0700000e+02   1.5688714e+02
   8.0800000e+02   1.5641220e+02
   8.0900000e+02   1.5152336e+02
   8.1000000e+02   1.4509156e+02
   8.1100000e+02   1.4568901e+02
   8.1200000e+02   1.3753983e+02
   8.1300000e+02   1.3401224e+02
   8.1400000e+02   1.1129249e+02
   8.1500000e+02   1.1014541e+02
   8.1600000e+02   1.0139145e+02
   8.1700000e+02   1.0478628e+02
   8.1800000e+02   1.0032910e+02
   8.1900000e+02   1.1420236e+02
   8.2000000e+02   1.0438738e+02
   8.2100000e+02   1.3459927e+02
   8.2200000e+02   1.2448053e+02
   8.2300000e+02   7.4257018e+01
   8.2400000e+02   1.1966021e+02
   8.2500000e+02   1.2751453e+02
   8.2600000e+02   1.2123710e+02
   8.2700000e+02   1.2973682e+02
   8.2800000e+02   1.0008878e+02
   8.2900000e+02   1.2140938e+02
   8.3000000e+02   1.1844083e+02
   8.3100000e+02   1.1709749e+02
   8.3200000e+02   1.1156390e+02
   8.3300000e+02   1.2575261e+02
   8.3400000e+02   1.1617467e+02
   8.3500000e+02   1.3302414e+02
   8.3600000e+02   1.2425345e+02
   8.3700000e+02   1.3569117e+02
   8.3800000e+02   1.3114294e+02
   8.3900000e+02   1.3179148e+02
   8.4000000e+02   1.3522237e+02
   8.4100000e+02   1.3288230e+02
   8.4200000e+02   1.3552592e+02
   8.4300000e+02   1.3614434e+02
   8.4400000e+02   1.3195749e+02
   8.4500000e+02   1.3594263e+02
   8.4600000e+02   1.3803432e+02
   8.4700000e+02   1.3590953e+02
   8.4800000e+02   1.3585131e+02
   8.4900000e+02   1.3601684e+02
   8.5000000e+02   1.1915258e+02
   8.5100000e+02   1.3274665e+02
   8.5200000e+02   1.3051339e+02
   8.5300000e+02   1.3196815e+02
   8.5400000e+02   1.0682584e+02
   8.5500000e+02   1.1826134e+02
   8.5600000e+02   1.2922665e+02
   8.5700000e+02   1.3241231e+02
   8.5800000e+02   1.3129290e+02
   8.5900000e+02   1.3144422e+02
   8.6000000e+02   1.2922257e+02
   8.6100000e+02   1.2946819e+02
   8.6200000e+02   1.2983128e+02
   8.6300000e+02   1.3109009e+02
   8.6400000e+02   1.3065770e+02
   8.6500000e+02   1.2763039e+02
   8.6600000e+02   1.1074825e+02
   8.6700000e+02   1.1720685e+02
   8.6800000e+02   1.2549315e+02
   8.6900000e+02   1.2465854e+02
   8.7000000e+02   1.2700480e+02
   8.7100000e+02   1.2636263e+02
   8.7200000e+02   1.2514193e+02
   8.7300000e+02   1.2527016e+02
   8.7400000e+02   1.2311757e+02
   8.7500000e+02   1.2148757e+02
   8.7600000e+02   1.2317965e+02
   8.7700000e+02   1.2282939e+02
   8.7800000e+02   1.2146033e+02
   8.7900000e+02   1.2189401e+02
   8.8000000e+02   1.2092043e+02
   8.8100000e+02   1.1427851e+02
   8.8200000e+02   1.2107907e+02
   8.8300000e+02   1.1904781e+02
   8.8400000e+02   1.1897355e+02
   8.8500000e+02   1.1955124e+02
   8.8600000e+02   1.1548650e+02
   8.8700000e+02   1.1348346e+02
   8.8800000e+02   1.1489318e+02
   8.8900000e+02   1.1825474e+02
   8.9000000e+02   1.1407923e+02
   8.9100000e+02   1.1449685e+02
   8.9200000e+02   1.1189340e+02
   8.9300000e+02   1.0264212e+02
   8.9400000e+02   1.0201250e+02
   8.9500000e+02   9.0694807e+01
   8.9600000e+02   8.6043253e+01
   8.9700000e+02   7.0005999e+01
   8.9800000e+02   7.7037042e+01
   8.9900000e+02   5.1831785e+01
   9.0000000e+02   7.9749405e+01
   9.0100000e+02   5.9270746e+01
   9.0200000e+02   7.3029031e+01
   9.0300000e+02   6.7217186e+01
   9.0400000e+02   9.4739116e+01
   9.0500000e+02   9.2765019e+01
   9.0600000e+02   8.3719335e+01
   9.0700000e+02   6.7515288e+01
   9.0800000e+02   6.4060132e+01
   9.0900000e+02   7.1905987e+01
   9.1000000e+02   6.1400645e+01
   9.1100000e+02   7.0427268e+01
   9.1200000e+02   7.0451946e+01
   9.1300000e+02   6.1207295e+01
   9.1400000e+02   6.2091592e+01
   9.1500000e+02   6.4714009e+01
   9.1600000e+02   5.7958640e+01
   9.1700000e+02   7.3295885e+01
   9.1800000e+02   5.4805250e+01
   9.1900000e+02   7.5455476e+01
   9.2000000e+02   7.8473038e+01
   9.2100000e+02   8.1995264e+01
   9.2200000e+02   7.0549195e+01
   9.2300000e+02   7.8624788e+01
   9.2400000e+02   7.0607635e+01
   9.2500000e+02   6.8613276e+01
   9.2600000e+02   6.9164816e+01
   9.2700000e+02   7.8622444e+01
   9.2800000e+02   5.2109017e+01
   9.2900000e+02   4.9267295e+01
   9.3000000e+02   3.5006878e+01
   9.3100000e+02   3.0163590e+01
   9.3200000e+02   2.0614388e+01
   9.3300000e+02   1.4679966e+01
   9.3400000e+02   6.6664472e+00
   9.3500000e+02   1.8407646e+01
   9.3600000e+02   8.2184564e+00
   9.3700000e+02   1.0930331e+01
   9.3800000e+02   1.1237731e+01
   9.3900000e+02   3.0097306e+01
   9.4000000e+02   3.8255752e+01
   9.4100000e+02   2.5767480e+01
   9.4200000e+02   2.9353573e+01
   9.4300000e+02   1.8629132e+01
   9.4400000e+02   2.1003320e+01
   9.4500000e+02   2.6839043e+01
   9.4600000e+02   1.2706699e+01
   9.4700000e+02   2.6226118e+01
   9.4800000e+02   2.0126594e+01
   9.4900000e+02   3.8145014e+01
   9.5000000e+02   6.8624068e+00
   9.5100000e+02   4.3183443e+01
   9.5200000e+02   1.6344901e+01
   9.5300000e+02   2.3719648e+01
   9.5400000e+02   3.3560860e+01
   9.5500000e+02   2.7104415e+01
   9.5600000e+02   2.6978820e+01
   9.5700000e+02   2.1277766e+01
   9.5800000e+02   3.9817159e+01
   9.5900000e+02   2.9607107e+01
   9.6000000e+02   3.2519194e+01
   9.6100000e+02   3.6680561e+01
   9.6200000e+02   3.5924410e+01
   9.6300000e+02   4.2935743e+01
   9.6400000e+02   3.7742887e+01
   9.6500000e+02   4.3579792e+01
   9.6600000e+02   4.1214791e+01
   9.6700000e+02   4.3424466e+01
   9.6800000e+02   6.3321966e+01
   9.6900000e+02   6.5190197e+01
   9.7000000e+02   6.1194360e+01
   9.7100000e+02   7.2392715e+01
   9.7200000e+02   6.7254342e+01
   9.7300000e+02   5.5305443e+01
   9.7400000e+02   5.2856660e+01
   9.7500000e+02   5.4879710e+01
   9.7600000e+02   5.0745401e+01
   9.7700000e+02   6.0280881e+01
   9.7800000e+02   5.8151909e+01
   9.7900000e+02   5.9933993e+01
   9.8000000e+02   5.6206133e+01
   9.8100000e+02   7.1191636e+01
   9.8200000e+02   6.7409367e+01
   9.8300000e+02   6.3723138e+01
   9.8400000e+02   7.6141414e+01
   9.8500000e+02   6.5378884e+01
   9.8600000e+02   7.6447394e+01
   9.8700000e+02   7.4889714e+01
   9.8800000e+02   7.4445242e+01
   9.8900000e+02   7.7087800e+01
   9.9000000e+02   7.3955373e+01
   9.9100000e+02   7.7671273e+01
   9.9200000e+02   7.8126316e+01
   9.9300000e+02   7.4425102e+01
   9.9400000e+02   7.7911283e+01
   9.9500000e+02   7.7829027e+01
   9.9600000e+02   7.7287233e+01
   9.9700000e+02   7.7543366e+01
   9.9800000e+02   7.7257661e+01
   9.9900000e+02   7.6745747e+01
   1.0000000e+03   7.4890594e+01
   1.0010000e+03   7.6700913e+01
   1.0020000e+03   7.3284461e+01
   1.0030000e+03   7.4990147e+01
   1.0040000e+03   7.3631610e+01
   1.0050000e+03   6.9956336e+01
   1.0060000e+03   7.2673722e+01
   1.0070000e+03   7.4328669e+01
   1.0080000e+03   7.3747218e+01
   1.0090000e+03   7.2670271e+01
   1.0100000e+03   7.2263230e+01
   1.0110000e+03   7.3903244e+01
   1.0120000e+03   7.3041632e+01
   1.0130000e+03   7.3249532e+01
   1.0140000e+03   7.3621720e+01
   1.0150000e+03   7.2001700e+01
   1.0160000e+03   7.2336690e+01
   1.0170000e+03   7.1439757e+01
   1.0180000e+03   7.2535709e+01
   1.0190000e+03   6.8981774e+01
   1.0200000e+03   7.1339557e+01
   1.0210000e+03   7.1254728e+01
   1.0220000e+03   6.9871921e+01
   1.0230000e+03   7.0939135e+01
   1.0240000e+03   6.9127212e+01
   1.0250000e+03   7.0860384e+01
   1.0260000e+03   7.0388060e+01
   1.0270000e+03   7.0115172e+01
   1.0280000e+03   6.9976192e+01
   1.0290000e+03   6.8467559e+01
   1.0300000e+03   6.9869159e+01
   1.0310000e+03   6.9308791e+01
   1.0320000e+03   6.9325558e+01
   1.0330000e+03   6.7709316e+01
   1.0340000e+03   6.8726295e+01
   1.0350000e+03   6.7591840e+01
   1.0360000e+03   6.8417937e+01
   1.0370000e+03   6.6819140e+01
   1.0380000e+03   6.7594251e+01
   1.0390000e+03   6.7685352e+01
   1.0400000e+03   6.6921199e+01
   1.0410000e+03   6.7032041e+01
   1.0420000e+03   6.7130473e+01
   1.0430000e+03   6.5901352e+01
   1.0440000e+03   6.6487271e+01
   1.0450000e+03   6.6108455e+01
   1.0460000e+03   6.4099435e+01
   1.0470000e+03   6.5177102e+01
   1.0480000e+03   6.5728530e+01
   1.0490000e+03   6.5202488e+01
   1.0500000e+03   6.4710403e+01
   1.0510000e+03   6.4600305e+01
   1.0520000e+03   6.4029437e+01
   1.0530000e+03   6.4052712e+01
   1.0540000e+03   6.3129201e+01
   1.0550000e+03   6.3466053e+01
   1.0560000e+03   6.3124954e+01
   1.0570000e+03   6.2849140e+01
   1.0580000e+03   6.2160007e+01
   1.0590000e+03   5.9820158e+01
   1.0600000e+03   6.1740017e+01
   1.0610000e+03   5.9478560e+01
   1.0620000e+03   6.0832148e+01
   1.0630000e+03   5.9559501e+01
   1.0640000e+03   6.0382246e+01
   1.0650000e+03   5.9764685e+01
   1.0660000e+03   5.8127221e+01
   1.0670000e+03   5.9275544e+01
   1.0680000e+03   5.8815619e+01
   1.0690000e+03   5.4306515e+01
   1.0700000e+03   5.7066892e+01
   1.0710000e+03   5.8532254e+01
   1.0720000e+03   5.7729318e+01
   1.0730000e+03   5.6203557e+01
   1.0740000e+03   5.8964839e+01
   1.0750000e+03   5.3878137e+01
   1.0760000e+03   5.7883370e+01
   1.0770000e+03   5.5662547e+01
   1.0780000e+03   5.6226260e+01
   1.0790000e+03   5.5873001e+01
   1.0800000e+03   5.4447750e+01
   1.0810000e+03   5.1656296e+01
   1.0820000e+03   5.4734748e+01
   1.0830000e+03   5.3907657e+01
   1.0840000e+03   5.1297894e+01
   1.0850000e+03   5.3267720e+01
   1.0860000e+03   4.9110842e+01
   1.0870000e+03   4.8935186e+01
   1.0880000e+03   5.3589307e+01
   1.0890000e+03   5.0125446e+01
   1.0900000e+03   4.7927883e+01
   1.0910000e+03   5.2446095e+01
   1.0920000e+03   5.2868982e+01
   1.0930000e+03   4.2092260e+01
   1.0940000e+03   4.5114056e+01
   1.0950000e+03   4.2841152e+01
   1.0960000e+03   4.0722849e+01
   1.0970000e+03   5.0349148e+01
   1.0980000e+03   3.9518568e+01
   1.0990000e+03   4.0523015e+01
   1.1000000e+03   3.7601649e+01
   1.1010000e+03   3.8859061e+01
   1.1020000e+03   3.4413607e+01
   1.1030000e+03   3.4805150e+01
   1.1040000e+03   3.3835276e+01
   1.1050000e+03   3.9871047e+01
   1.1060000e+03   2.4944627e+01
   1.1070000e+03   3.6431772e+01
   1.1080000e+03   2.8905401e+01
   1.1090000e+03   2.8498912e+01
   1.1100000e+03   3.4254248e+01
   1.1110000e+03   1.9453902e+01
   1.1120000e+03   2.9225943e+01
   1.1130000e+03   1.5405897e+01
   1.1140000e+03   1.9050315e+01
   1.1150000e+03   1.3761188e+01
   1.1160000e+03   1.0365281e+01
   1.1170000e+03   3.1568110e+00
   1.1180000e+03   1.1655850e+01
   1.1190000e+03   4.9016513e+00
   1.1200000e+03   5.3842726e+00
   1.1210000e+03   8.3427590e+00
   1.1220000e+03   2.5498045e+00
   1.1230000e+03   5.3609129e+00
   1.1240000e+03   4.3650050e+00
   1.1250000e+03   5.4726925e+00
   1.1260000e+03   1.4377898e+00
   1.1270000e+03   6.9177478e+00
   1.1280000e+03   3.3215103e+00
   1.1290000e+03   3.7395133e+00
   1.1300000e+03   2.0465526e+00
   1.1310000e+03   1.4551626e+01
   1.1320000e+03   1.2203751e+01
   1.1330000e+03   5.7200633e+00
   1.1340000e+03   1.1693186e+00
   1.1350000e+03   5.4164604e-01
   1.1360000e+03   5.0588238e+00
   1.1370000e+03   1.4804866e+01
   1.1380000e+03   9.0756164e+00
   1.1390000e+03   1.7139809e+01
   1.1400000e+03   1.1782212e+01
   1.1410000e+03   1.0073697e+01
   1.1420000e+03   1.1630898e+01
   1.1430000e+03   1.6146774e+01
   1.1440000e+03   5.5673872e+00
   1.1450000e+03   5.5996961e+00
   1.1460000e+03   6.9603130e+00
   1.1470000e+03   1.6042007e+00
   1.1480000e+03   1.4069458e+01
   1.1490000e+03   1.1192769e+01
   1.1500000e+03   5.5345091e+00
   1.1510000e+03   8.6813714e+00
   1.1520000e+03   1.2704409e+01
   1.1530000e+03   1.2788738e+01
   1.1540000e+03   5.5494282e+00
   1.1550000e+03   1.6694148e+01
   1.1560000e+03   1.3851739e+01
   1.1570000e+03   1.8860616e+01
   1.1580000e+03   1.7283555e+01
   1.1590000e+03   2.0601563e+01
   1.1600000e+03   1.5066484e+01
   1.1610000e+03   2.1684904e+01
   1.1620000e+03   2.2449710e+01
   1.1630000e+03   3.1459707e+01
   1.1640000e+03   2.5224014e+01
   1.1650000e+03   2.3928156e+01
   1.1660000e+03   2.4931470e+01
   1.1670000e+03   2.6669945e+01
   1.1680000e+03   2.7046666e+01
   1.1690000e+03   2.9294647e+01
   1.1700000e+03   3.2756929e+01
   1.1710000e+03   3.0241335e+01
   1.1720000e+03   3.2615852e+01
   1.1730000e+03   3.2213016e+01
   1.1740000e+03   2.0578865e+01
   1.1750000e+03   3.2222757e+01
   1.1760000e+03   3.3957341e+01
   1.1770000e+03   3.3149189e+01
   1.1780000e+03   2.2800711e+01
   1.1790000e+03   3.6450369e+01
   1.1800000e+03   2.9794612e+01
   1.1810000e+03   2.9893904e+01
   1.1820000e+03   2.0587538e+01
   1.1830000e+03   3.0162914e+01
   1.1840000e+03   2.8247360e+01
   1.1850000e+03   2.6529680e+01
   1.1860000e+03   3.4064938e+01
   1.1870000e+03   3.0802335e+01
   1.1880000e+03   1.9733229e+01
   1.1890000e+03   2.9237598e+01
   1.1900000e+03   3.2642262e+01
   1.1910000e+03   2.9269753e+01
   1.1920000e+03   3.3460945e+01
   1.1930000e+03   3.0362284e+01
   1.1940000e+03   3.3168074e+01
   1.1950000e+03   2.9971599e+01
   1.1960000e+03   2.7986736e+01
   1.1970000e+03   3.3975810e+01
   1.1980000e+03   2.9424622e+01
   1.1990000e+03   2.2613722e+01
   1.2000000e+03   3.0345637e+01
   1.2010000e+03   2.8900638e+01
   1.2020000e+03   2.9796375e+01
   1.2030000e+03   2.9489154e+01
   1.2040000e+03   2.2782142e+01
   1.2050000e+03   3.0760890e+01
   1.2060000e+03   3.4071329e+01
   1.2070000e+03   2.8183147e+01
   1.2080000e+03   2.9616764e+01
   1.2090000e+03   2.8385535e+01
   1.2100000e+03   3.1327963e+01
   1.2110000e+03   2.8971290e+01
   1.2120000e+03   2.7592787e+01
   1.2130000e+03   3.2701201e+01
   1.2140000e+03   2.7982656e+01
   1.2150000e+03   2.8725755e+01
   1.2160000e+03   3.1757855e+01
   1.2170000e+03   3.1325155e+01
   1.2180000e+03   3.2351840e+01
   1.2190000e+03   3.0327612e+01
   1.2200000e+03   3.1785359e+01
   1.2210000e+03   3.2638225e+01
   1.2220000e+03   3.1759918e+01
   1.2230000e+03   3.0877650e+01
   1.2240000e+03   3.0156039e+01
   1.2250000e+03   3.1783587e+01
   1.2260000e+03   3.3227059e+01
   1.2270000e+03   2.8981056e+01
   1.2280000e+03   3.2791152e+01
   1.2290000e+03   3.2796431e+01
   1.2300000e+03   3.1679062e+01
   1.2310000e+03   3.3423781e+01
   1.2320000e+03   3.2964989e+01
   1.2330000e+03   3.0750281e+01
   1.2340000e+03   3.3387142e+01
   1.2350000e+03   3.2616798e+01
   1.2360000e+03   3.3284770e+01
   1.2370000e+03   3.2387362e+01
   1.2380000e+03   3.3060072e+01
   1.2390000e+03   3.2596058e+01
   1.2400000e+03   3.2527083e+01
   1.2410000e+03   3.2159541e+01
   1.2420000e+03   3.2438028e+01
   1.2430000e+03   3.2154214e+01
   1.2440000e+03   3.1509844e+01
   1.2450000e+03   3.2178590e+01
   1.2460000e+03   3.1820514e+01
   1.2470000e+03   3.1534379e+01
   1.2480000e+03   3.1463072e+01
   1.2490000e+03   3.1573268e+01
   1.2500000e+03   3.1219255e+01
   1.2510000e+03   3.0713655e+01
   1.2520000e+03   3.0751057e+01
   1.2530000e+03   3.0193354e+01
   1.2540000e+03   2.9760572e+01
   1.2550000e+03   3.0144309e+01
   1.2560000e+03   2.9341512e+01
   1.2570000e+03   2.8719958e+01
   1.2580000e+03   2.9321800e+01
   1.2590000e+03   2.7764456e+01
   1.2600000e+03   2.7892650e+01
   1.2610000e+03   2.6698294e+01
   1.2620000e+03   2.5361761e+01
   1.2630000e+03   2.5703960e+01
   1.2640000e+03   2.3316630e+01
   1.2650000e+03   2.5046485e+01
   1.2660000e+03   2.4670467e+01
   1.2670000e+03   2.4212457e+01
   1.2680000e+03   2.3610059e+01
   1.2690000e+03   1.5980869e+01
   1.2700000e+03   2.4476862e+01
   1.2710000e+03   2.5519383e+01
   1.2720000e+03   2.5881979e+01
   1.2730000e+03   2.5782648e+01
   1.2740000e+03   2.5952725e+01
   1.2750000e+03   2.6261507e+01
   1.2760000e+03   2.6868610e+01
   1.2770000e+03   2.6610976e+01
   1.2780000e+03   2.7480808e+01
   1.2790000e+03   2.6856691e+01
   1.2800000e+03   2.6523182e+01
   1.2810000e+03   2.6291204e+01
   1.2820000e+03   2.3931202e+01
   1.2830000e+03   2.6007463e+01
   1.2840000e+03   2.7162496e+01
   1.2850000e+03   2.6898006e+01
   1.2860000e+03   2.7706040e+01
   1.2870000e+03   2.6860152e+01
   1.2880000e+03   2.5708731e+01
   1.2890000e+03   2.5007941e+01
   1.2900000e+03   2.6310672e+01
   1.2910000e+03   2.7478752e+01
   1.2920000e+03   2.4125779e+01
   1.2930000e+03   2.5847534e+01
   1.2940000e+03   2.5604904e+01
   1.2950000e+03   2.5179416e+01
   1.2960000e+03   2.2708091e+01
   1.2970000e+03   2.1152354e+01
   1.2980000e+03   2.3469539e+01
   1.2990000e+03   2.6298378e+01
   1.3000000e+03   2.1600847e+01
   1.3010000e+03   2.0443030e+01
   1.3020000e+03   2.4178417e+01
   1.3030000e+03   2.1319936e+01
   1.3040000e+03   1.5524013e+01
   1.3050000e+03   2.3314857e+01
   1.3060000e+03   2.3737123e+01
   1.3070000e+03   1.4897707e+01
   1.3080000e+03   2.0377714e+01
   1.3090000e+03   2.1806108e+01
   1.3100000e+03   1.5030586e+01
   1.3110000e+03   1.8340478e+01
   1.3120000e+03   1.9414951e+01
   1.3130000e+03   1.5875801e+01
   1.3140000e+03   1.3748090e+01
   1.3150000e+03   1.3058935e+01
   1.3160000e+03   1.8150451e+01
   1.3170000e+03   1.5490992e+01
   1.3180000e+03   1.8586512e+01
   1.3190000e+03   1.1792650e+01
   1.3200000e+03   1.2158482e+01
   1.3210000e+03   1.6351421e+01
   1.3220000e+03   1.6225139e+01
   1.3230000e+03   9.4920763e+00
   1.3240000e+03   1.1348960e+01
   1.3250000e+03   1.7281475e+01
   1.3260000e+03   1.3677470e+01
   1.3270000e+03   1.2195611e+01
   1.3280000e+03   1.0977277e+01
   1.3290000e+03   6.9566397e+00
   1.3300000e+03   1.0115215e+01
   1.3310000e+03   4.3907843e+00
   1.3320000e+03   4.9576736e+00
   1.3330000e+03   8.3129355e+00
   1.3340000e+03   7.0253765e+00
   1.3350000e+03   9.0776253e+00
   1.3360000e+03   6.3015355e+00
   1.3370000e+03   8.0157206e+00
   1.3380000e+03   6.3927837e+00
   1.3390000e+03   7.1942931e+00
   1.3400000e+03   6.2219164e+00
   1.3410000e+03   6.3941546e+00
   1.3420000e+03   7.3728354e+00
   1.3430000e+03   4.9738357e+00
   1.3440000e+03   2.2037956e+00
   1.3450000e+03   3.0964753e+00
   1.3460000e+03   1.0988329e+00
   1.3470000e+03   9.9879781e-01
   1.3480000e+03   1.4097794e-02
   1.3490000e+03   1.1631409e-01
   1.3500000e+03   2.3199961e-01
   1.3510000e+03   1.3391102e-02
   1.3520000e+03   6.9730610e-03
   1.3530000e+03   1.2089402e-08
   1.3540000e+03   1.2368968e-08
   1.3550000e+03   1.2654370e-08
   1.3560000e+03   1.2955212e-08
   1.3570000e+03   1.3263329e-08
   1.3580000e+03   1.3544047e-08
   1.3590000e+03   1.3863345e-08
   1.3600000e+03   1.4189145e-08
   1.3610000e+03   1.4525454e-08
   1.3620000e+03   1.4866887e-08
   1.3630000e+03   1.5188423e-08
   1.3640000e+03   1.5544005e-08
   1.3650000e+03   1.5910766e-08
   1.3660000e+03   1.6285537e-08
   1.3670000e+03   1.6672019e-08
   1.3680000e+03   1.7026658e-08
   1.3690000e+03   1.7427712e-08
   1.3700000e+03   1.7839149e-08
   1.3710000e+03   1.8222066e-08
   1.3720000e+03   1.8650865e-08
   1.3730000e+03   1.9091564e-08
   1.3740000e+03   1.9515137e-08
   1.3750000e+03   1.9923346e-08
   1.3760000e+03   2.0399462e-08
   1.3770000e+03   2.0867946e-08
   1.3780000e+03   4.3172229e-03
   1.3790000e+03   2.1770072e-08
   1.3800000e+03   2.2288753e-08
   1.3810000e+03   2.2801907e-08
   1.3820000e+03   2.3291643e-08
   1.3830000e+03   2.3787134e-08
   1.3840000e+03   2.4348498e-08
   1.3850000e+03   2.4919940e-08
   1.3860000e+03   2.5450414e-08
   1.3870000e+03   2.6015070e-08
   1.3880000e+03   2.6551825e-08
   1.3890000e+03   1.0668795e-03
   1.3900000e+03   1.0754490e-03
   1.3910000e+03   1.0460266e-03
   1.3920000e+03   2.9021497e-08
   1.3930000e+03   2.9647473e-08
   1.3940000e+03   3.0290183e-08
   1.3950000e+03   3.0978911e-08
   1.3960000e+03   3.1708939e-08
   1.3970000e+03   3.2387273e-08
   1.3980000e+03   3.5593523e-03
   1.3990000e+03   1.2118777e-03
   1.4000000e+03   3.4501046e-08
   1.4010000e+03   3.5237869e-08
   1.4020000e+03   4.3715421e-03
   1.4030000e+03   7.3150172e-03
   1.4040000e+03   1.2830655e-03
   1.4050000e+03   3.8507751e-08
   1.4060000e+03   2.6478814e-03
   1.4070000e+03   4.0156097e-08
   1.4080000e+03   3.4195353e-03
   1.4090000e+03   1.6795363e-03
   1.4100000e+03   4.2818014e-08
   1.4110000e+03   5.2155772e-03
   1.4120000e+03   1.7962499e-02
   1.4130000e+03   1.7482470e-01
   1.4140000e+03   4.6573285e-08
   1.4150000e+03   4.7563171e-08
   1.4160000e+03   3.1369199e-01
   1.4170000e+03   4.6877970e-02
   1.4180000e+03   6.5189318e-02
   1.4190000e+03   5.1735351e-08
   1.4200000e+03   3.6979385e-02
   1.4210000e+03   8.5546999e-02
   1.4220000e+03   5.8898154e-01
   1.4230000e+03   2.4434933e-02
   1.4240000e+03   1.3682485e-01
   1.4250000e+03   4.3553769e-01
   1.4260000e+03   3.1760346e-01
   1.4270000e+03   8.1222415e-01
   1.4280000e+03   3.1839363e-02
   1.4290000e+03   5.8973109e-01
   1.4300000e+03   1.2191398e+00
   1.4310000e+03   1.0447423e+00
   1.4320000e+03   1.7790041e-02
   1.4330000e+03   8.8291620e-01
   1.4340000e+03   1.1090211e-01
   1.4350000e+03   2.6849146e-01
   1.4360000e+03   7.3768897e-01
   1.4370000e+03   3.8310965e-01
   1.4380000e+03   2.2868937e-01
   1.4390000e+03   7.1314272e-01
   1.4400000e+03   9.6387409e-01
   1.4410000e+03   3.3490205e-01
   1.4420000e+03   3.3511691e-01
   1.4430000e+03   6.8649084e-01
   1.4440000e+03   1.0913205e+00
   1.4450000e+03   8.4337119e-01
   1.4460000e+03   1.8401216e-01
   1.4470000e+03   5.5641681e-01
   1.4480000e+03   2.9820814e+00
   1.4490000e+03   1.8918144e+00
   1.4500000e+03   3.0374512e-01
   1.4510000e+03   9.0428307e-02
   1.4520000e+03   9.2020507e-01
   1.4530000e+03   1.8346630e+00
   1.4540000e+03   4.3142584e+00
   1.4550000e+03   1.5608250e+00
   1.4560000e+03   1.9471015e+00
   1.4570000e+03   3.0666320e+00
   1.4580000e+03   3.9539185e+00
   1.4590000e+03   4.7978011e+00
   1.4600000e+03   1.7726685e+00
   1.4610000e+03   1.9865579e+00
   1.4620000e+03   3.2933752e+00
   1.4630000e+03   7.8797970e-01
   1.4640000e+03   4.8488307e+00
   1.4650000e+03   2.8936183e+00
   1.4660000e+03   1.2470023e+00
   1.4670000e+03   5.6993748e-01
   1.4680000e+03   1.6792563e+00
   1.4690000e+03   2.1817345e+00
   1.4700000e+03   6.6195254e-01
   1.4710000e+03   3.0500254e-01
   1.4720000e+03   6.7275233e-01
   1.4730000e+03   1.2153304e+00
   1.4740000e+03   2.8574672e+00
   1.4750000e+03   5.5344287e+00
   1.4760000e+03   1.5652413e+00
   1.4770000e+03   8.1011038e-01
   1.4780000e+03   1.4518366e+00
   1.4790000e+03   3.5754209e+00
   1.4800000e+03   1.0471099e+00
   1.4810000e+03   3.1373107e+00
   1.4820000e+03   1.3264533e+00
   1.4830000e+03   4.2492908e+00
   1.4840000e+03   3.8994780e+00
   1.4850000e+03   3.2119801e+00
   1.4860000e+03   3.4538450e+00
   1.4870000e+03   1.2303496e+00
   1.4880000e+03   2.1359471e+00
   1.4890000e+03   6.1440440e+00
   1.4900000e+03   5.1661176e+00
   1.4910000e+03   7.0963963e+00
   1.4920000e+03   4.9704891e+00
   1.4930000e+03   6.0194175e+00
   1.4940000e+03   7.0644589e+00
   1.4950000e+03   6.6890273e+00
   1.4960000e+03   6.6806004e+00
   1.4970000e+03   8.8316681e+00
   1.4980000e+03   6.7698096e+00
   1.4990000e+03   8.7226118e+00
   1.5000000e+03   1.0328353e+01
   1.5010000e+03   9.9292675e+00
   1.5020000e+03   1.0462998e+01
   1.5030000e+03   6.9713874e+00
   1.5040000e+03   5.1685763e+00
   1.5050000e+03   6.8809558e+00
   1.5060000e+03   1.0978806e+01
   1.5070000e+03   1.1355295e+01
   1.5080000e+03   1.0469733e+01
   1.5090000e+03   6.8974447e+00
   1.5100000e+03   1.1852808e+01
   1.5110000e+03   1.1147300e+01
   1.5120000e+03   1.1317920e+01
   1.5130000e+03   1.0564703e+01
   1.5140000e+03   9.0909762e+00
   1.5150000e+03   1.2019424e+01
   1.5160000e+03   1.0807756e+01
   1.5170000e+03   1.0303139e+01
   1.5180000e+03   1.0603004e+01
   1.5190000e+03   9.6048175e+00
   1.5200000e+03   1.0872156e+01
   1.5210000e+03   1.3064650e+01
   1.5220000e+03   1.1324793e+01
   1.5230000e+03   1.2593153e+01
   1.5240000e+03   1.2662665e+01
   1.5250000e+03   1.0946413e+01
   1.5260000e+03   1.1440254e+01
   1.5270000e+03   1.0979404e+01
   1.5280000e+03   1.2864043e+01
   1.5290000e+03   1.2142924e+01
   1.5300000e+03   1.1142197e+01
   1.5310000e+03   1.1609531e+01
   1.5320000e+03   1.2975930e+01
   1.5330000e+03   1.2737286e+01
   1.5340000e+03   1.2374842e+01
   1.5350000e+03   1.1829502e+01
   1.5360000e+03   1.2366343e+01
   1.5370000e+03   1.2275122e+01
   1.5380000e+03   1.2560070e+01
   1.5390000e+03   1.2287153e+01
   1.5400000e+03   1.2249252e+01
   1.5410000e+03   1.2345675e+01
   1.5420000e+03   1.2133368e+01
   1.5430000e+03   1.2376906e+01
   1.5440000e+03   1.1958812e+01
   1.5450000e+03   1.2814656e+01
   1.5460000e+03   1.2502606e+01
   1.5470000e+03   1.2585717e+01
   1.5480000e+03   1.2227523e+01
   1.5490000e+03   1.2581611e+01
   1.5500000e+03   1.2443372e+01
   1.5510000e+03   1.2267949e+01
   1.5520000e+03   1.2216427e+01
   1.5530000e+03   1.2553222e+01
   1.5540000e+03   1.2049575e+01
   1.5550000e+03   1.2299790e+01
   1.5560000e+03   1.2111576e+01
   1.5570000e+03   1.2491535e+01
   1.5580000e+03   1.2391759e+01
   1.5590000e+03   1.2306746e+01
   1.5600000e+03   1.2076252e+01
   1.5610000e+03   1.2359035e+01
   1.5620000e+03   1.2297886e+01
   1.5630000e+03   1.2043576e+01
   1.5640000e+03   1.1841318e+01
   1.5650000e+03   1.2210242e+01
   1.5660000e+03   1.1850934e+01
   1.5670000e+03   1.1881412e+01
   1.5680000e+03   1.1544806e+01
   1.5690000e+03   1.1478057e+01
   1.5700000e+03   1.0762760e+01
   1.5710000e+03   1.0256098e+01
   1.5720000e+03   1.0438896e+01
   1.5730000e+03   1.0152495e+01
   1.5740000e+03   1.0733952e+01
   1.5750000e+03   1.0409724e+01
   1.5760000e+03   1.1238282e+01
   1.5770000e+03   9.4541506e+00
   1.5780000e+03   1.0422052e+01
   1.5790000e+03   1.0551045e+01
   1.5800000e+03   1.0849929e+01
   1.5810000e+03   1.1101675e+01
   1.5820000e+03   1.0671936e+01
   1.5830000e+03   1.0867263e+01
   1.5840000e+03   1.1143611e+01
   1.5850000e+03   1.1500706e+01
   1.5860000e+03   1.1310934e+01
   1.5870000e+03   1.1085367e+01
   1.5880000e+03   1.1086839e+01
   1.5890000e+03   1.0183836e+01
   1.5900000e+03   1.0754594e+01
   1.5910000e+03   1.0611570e+01
   1.5920000e+03   1.1019443e+01
   1.5930000e+03   1.1492015e+01
   1.5940000e+03   1.1220911e+01
   1.5950000e+03   1.1459556e+01
   1.5960000e+03   1.0650899e+01
   1.5970000e+03   1.0921472e+01
   1.5980000e+03   1.1240435e+01
   1.5990000e+03   1.0620292e+01
   1.6000000e+03   1.0430607e+01
   1.6010000e+03   9.7432351e+00
   1.6020000e+03   9.7293738e+00
   1.6030000e+03   9.6925621e+00
   1.6040000e+03   9.8291328e+00
   1.6050000e+03   1.0301624e+01
   1.6060000e+03   1.0549624e+01
   1.6070000e+03   1.0149758e+01
   1.6080000e+03   9.8131769e+00
   1.6090000e+03   9.6114979e+00
   1.6100000e+03   9.3084010e+00
   1.6110000e+03   9.5890103e+00
   1.6120000e+03   9.8739996e+00
   1.6130000e+03   1.0216452e+01
   1.6140000e+03   1.0449289e+01
   1.6150000e+03   1.0613198e+01
   1.6160000e+03   1.0001346e+01
   1.6170000e+03   1.0251515e+01
   1.6180000e+03   1.0656510e+01
   1.6190000e+03   1.0531476e+01
   1.6200000e+03   1.0229684e+01
   1.6210000e+03   1.0283880e+01
   1.6220000e+03   1.0422903e+01
   1.6230000e+03   1.0703677e+01
   1.6240000e+03   1.0719063e+01
   1.6250000e+03   1.0391759e+01
   1.6260000e+03   1.0567886e+01
   1.6270000e+03   1.0533503e+01
   1.6280000e+03   1.0587636e+01
   1.6290000e+03   1.0615657e+01
   1.6300000e+03   1.0320492e+01
   1.6310000e+03   1.0386720e+01
   1.6320000e+03   1.0264303e+01
   1.6330000e+03   1.0128742e+01
   1.6340000e+03   1.0022652e+01
   1.6350000e+03   1.0093043e+01
   1.6360000e+03   1.0244035e+01
   1.6370000e+03   9.7828213e+00
   1.6380000e+03   9.5774369e+00
   1.6390000e+03   9.3699162e+00
   1.6400000e+03   9.0782545e+00
   1.6410000e+03   9.5348572e+00
   1.6420000e+03   9.4014705e+00
   1.6430000e+03   9.4024358e+00
   1.6440000e+03   9.6917972e+00
   1.6450000e+03   9.4428350e+00
   1.6460000e+03   9.1253830e+00
   1.6470000e+03   9.7851629e+00
   1.6480000e+03   9.2380870e+00
   1.6490000e+03   9.4108187e+00
   1.6500000e+03   9.6257650e+00
   1.6510000e+03   8.9094839e+00
   1.6520000e+03   9.3639795e+00
   1.6530000e+03   9.3618478e+00
   1.6540000e+03   9.1523663e+00
   1.6550000e+03   9.4159158e+00
   1.6560000e+03   9.2704898e+00
   1.6570000e+03   9.4199918e+00
   1.6580000e+03   9.5307207e+00
   1.6590000e+03   9.4248487e+00
   1.6600000e+03   9.5192766e+00
   1.6610000e+03   9.3417677e+00
   1.6620000e+03   9.0155185e+00
   1.6630000e+03   9.4220910e+00
   1.6640000e+03   9.2004828e+00
   1.6650000e+03   9.2025126e+00
   1.6660000e+03   7.4016302e+00
   1.6670000e+03   8.9075221e+00
   1.6680000e+03   9.1303754e+00
   1.6690000e+03   8.8103757e+00
   1.6700000e+03   9.3376056e+00
   1.6710000e+03   9.0159356e+00
   1.6720000e+03   8.5999691e+00
   1.6730000e+03   9.0089829e+00
   1.6740000e+03   8.8140192e+00
   1.6750000e+03   8.9552137e+00
   1.6760000e+03   8.5595716e+00
   1.6770000e+03   8.5335847e+00
   1.6780000e+03   8.3614328e+00
   1.6790000e+03   8.8429397e+00
   1.6800000e+03   8.3922384e+00
   1.6810000e+03   7.9204791e+00
   1.6820000e+03   8.3684813e+00
   1.6830000e+03   8.5334653e+00
   1.6840000e+03   7.9889216e+00
   1.6850000e+03   8.7994262e+00
   1.6860000e+03   8.5729756e+00
   1.6870000e+03   8.3679215e+00
   1.6880000e+03   8.6643135e+00
   1.6890000e+03   8.3433175e+00
   1.6900000e+03   8.5903005e+00
   1.6910000e+03   7.1518330e+00
   1.6920000e+03   8.3046535e+00
   1.6930000e+03   8.6523336e+00
   1.6940000e+03   8.0657009e+00
   1.6950000e+03   8.5839807e+00
   1.6960000e+03   8.5629261e+00
   1.6970000e+03   6.1325790e+00
   1.6980000e+03   8.3766437e+00
   1.6990000e+03   8.4546985e+00
   1.7000000e+03   7.7675446e+00
   1.7010000e+03   7.0340889e+00
   1.7020000e+03   8.2673350e+00
   1.7030000e+03   7.9210830e+00
   1.7040000e+03   7.7274133e+00
   1.7050000e+03   7.9308988e+00
   1.7060000e+03   7.7252515e+00
   1.7070000e+03   7.2942729e+00
   1.7080000e+03   7.0158127e+00
   1.7090000e+03   6.1423494e+00
   1.7100000e+03   8.1285783e+00
   1.7110000e+03   7.1311602e+00
   1.7120000e+03   7.9610207e+00
   1.7130000e+03   7.7635479e+00
   1.7140000e+03   6.4817406e+00
   1.7150000e+03   7.0967378e+00
   1.7160000e+03   6.8805643e+00
   1.7170000e+03   7.8921594e+00
   1.7180000e+03   7.7328007e+00
   1.7190000e+03   7.9345542e+00
   1.7200000e+03   7.5259446e+00
   1.7210000e+03   5.4275325e+00
   1.7220000e+03   7.5251063e+00
   1.7230000e+03   7.0746693e+00
   1.7240000e+03   4.8845420e+00
   1.7250000e+03   6.2212282e+00
   1.7260000e+03   6.7022235e+00
   1.7270000e+03   7.3926278e+00
   1.7280000e+03   6.9807268e+00
   1.7290000e+03   5.5714725e+00
   1.7300000e+03   7.5069141e+00
   1.7310000e+03   7.3142221e+00
   1.7320000e+03   4.4659465e+00
   1.7330000e+03   5.6814390e+00
   1.7340000e+03   6.8203069e+00
   1.7350000e+03   6.9909649e+00
   1.7360000e+03   4.6813006e+00
   1.7370000e+03   4.6873186e+00
   1.7380000e+03   6.5160708e+00
   1.7390000e+03   6.8565130e+00
   1.7400000e+03   5.1252247e+00
   1.7410000e+03   4.7206502e+00
   1.7420000e+03   5.6212236e+00
   1.7430000e+03   6.7844347e+00
   1.7440000e+03   6.2980217e+00
   1.7450000e+03   5.5936167e+00
   1.7460000e+03   6.1966618e+00
   1.7470000e+03   1.2691933e+00
   1.7480000e+03   5.6742813e+00
   1.7490000e+03   6.4872377e+00
   1.7500000e+03   6.6574731e+00
   1.7510000e+03   5.4174792e+00
   1.7520000e+03   4.7075975e+00
   1.7530000e+03   6.3353476e+00
   1.7540000e+03   6.5925567e+00
   1.7550000e+03   4.0442286e+00
   1.7560000e+03   5.7164437e+00
   1.7570000e+03   3.1034501e+00
   1.7580000e+03   5.6900960e+00
   1.7590000e+03   6.6396406e+00
   1.7600000e+03   6.4145311e+00
   1.7610000e+03   4.7798884e+00
   1.7620000e+03   4.5872045e+00
   1.7630000e+03   3.6387968e+00
   1.7640000e+03   5.9975046e+00
   1.7650000e+03   5.3617877e+00
   1.7660000e+03   1.8411091e+00
   1.7670000e+03   5.0261464e+00
   1.7680000e+03   4.4971573e+00
   1.7690000e+03   5.0831493e+00
   1.7700000e+03   3.3858761e+00
   1.7710000e+03   3.8981433e+00
   1.7720000e+03   5.3418157e+00
   1.7730000e+03   4.9382051e+00
   1.7740000e+03   2.1412333e+00
   1.7750000e+03   3.8152835e+00
   1.7760000e+03   1.7440189e+00
   1.7770000e+03   3.5855356e+00
   1.7780000e+03   3.1044895e+00
   1.7790000e+03   1.2386420e+00
   1.7800000e+03   4.0915172e+00
   1.7810000e+03   2.1363495e+00
   1.7820000e+03   2.8161829e+00
   1.7830000e+03   3.8318374e+00
   1.7840000e+03   2.0082724e+00
   1.7850000e+03   9.5336368e-01
   1.7860000e+03   9.5358064e-01
   1.7870000e+03   1.5614590e+00
   1.7880000e+03   3.3515392e+00
   1.7890000e+03   3.0734721e+00
   1.7900000e+03   3.9083308e+00
   1.7910000e+03   7.5763948e-01
   1.7920000e+03   1.1662133e+00
   1.7930000e+03   7.6817271e-01
   1.7940000e+03   4.3972027e-01
   1.7950000e+03   7.6873205e-01
   1.7960000e+03   9.2604917e-01
   1.7970000e+03   7.2532621e-01
   1.7980000e+03   9.2068421e-01
   1.7990000e+03   2.0095021e+00
   1.8000000e+03   2.3805750e-01
   1.8010000e+03   4.1424977e-03
   1.8020000e+03   1.5866762e-02
   1.8030000e+03   1.2710947e-01
   1.8040000e+03   2.5071441e-01
   1.8050000e+03   5.1696571e-01
   1.8060000e+03   1.9783704e-04
   1.8070000e+03   2.3540133e-02
   1.8080000e+03   2.1924971e-01
   1.8090000e+03   6.9072639e-02
   1.8100000e+03   1.2840893e-01
   1.8110000e+03   2.7720071e-05
   1.8120000e+03   7.5761126e-03
   1.8130000e+03   6.1384707e-04
   1.8140000e+03   5.5041986e-02
   1.8150000e+03   2.0862508e-02
   1.8160000e+03   8.8329544e-05
   1.8170000e+03   1.1391488e-03
   1.8180000e+03   1.2129864e-02
   1.8190000e+03   7.8275287e-04
   1.8200000e+03   1.8127506e-04
   1.8210000e+03   3.1383145e-05
   1.8220000e+03   3.1762763e-05
   1.8230000e+03   3.1444817e-03
   1.8240000e+03   1.1905948e-02
   1.8250000e+03   1.2848537e-04
   1.8260000e+03   3.3326399e-05
   1.8270000e+03   3.3738167e-05
   1.8280000e+03   3.4142483e-05
   1.8290000e+03   3.4553503e-05
   1.8300000e+03   3.4971526e-05
   1.8310000e+03   3.5319664e-05
   1.8320000e+03   3.5680528e-05
   1.8330000e+03   3.6107964e-05
   1.8340000e+03   3.6552917e-05
   1.8350000e+03   3.6984201e-05
   1.8360000e+03   3.7432721e-05
   1.8370000e+03   3.7882702e-05
   1.8380000e+03   3.8339488e-05
   1.8390000e+03   3.8809120e-05
   1.8400000e+03   3.9271651e-05
   1.8410000e+03   3.9749961e-05
   1.8420000e+03   4.0224649e-05
   1.8430000e+03   4.0714230e-05
   1.8440000e+03   4.1208867e-05
   1.8450000e+03   4.1715079e-05
   1.8460000e+03   4.2208153e-05
   1.8470000e+03   4.2712266e-05
   1.8480000e+03   4.3225686e-05
   1.8490000e+03   4.3751347e-05
   1.8500000e+03   4.4279507e-05
   1.8510000e+03   4.4722040e-05
   1.8520000e+03   4.5183417e-05
   1.8530000e+03   4.5715607e-05
   1.8540000e+03   4.6263861e-05
   1.8550000e+03   4.6828036e-05
   1.8560000e+03   4.7393460e-05
   1.8570000e+03   4.7957683e-05
   1.8580000e+03   4.8543287e-05
   1.8590000e+03   4.9126112e-05
   1.8600000e+03   4.9710133e-05
   1.8610000e+03   5.0208161e-05
   1.8620000e+03   5.0734462e-05
   1.8630000e+03   5.1338185e-05
   1.8640000e+03   5.1947378e-05
   1.8650000e+03   5.2570077e-05
   1.8660000e+03   5.3219544e-05
   1.8670000e+03   5.3843501e-05
   1.8680000e+03   5.4485721e-05
   1.8690000e+03   5.5035823e-05
   1.8700000e+03   5.5582247e-05
   1.8710000e+03   5.6251318e-05
   1.8720000e+03   5.6930398e-05
   1.8730000e+03   5.7610405e-05
   1.8740000e+03   5.8304698e-05
   1.8750000e+03   5.9006349e-05
   1.8760000e+03   5.9601201e-05
   1.8770000e+03   6.0193398e-05
   1.8780000e+03   6.0923040e-05
   1.8790000e+03   6.1677515e-05
   1.8800000e+03   6.2415850e-05
   1.8810000e+03   6.3143968e-05
   1.8820000e+03   6.3790173e-05
   1.8830000e+03   6.4437594e-05
   1.8840000e+03   6.5184505e-05
   1.8850000e+03   6.5978194e-05
   1.8860000e+03   6.6775253e-05
   1.8870000e+03   6.7424912e-05
   1.8880000e+03   9.7548424e-04
   1.8890000e+03   4.0583487e-04
   1.8900000e+03   6.9740223e-05
   1.8910000e+03   7.0588185e-05
   1.8920000e+03   7.1285738e-05
   1.8930000e+03   7.2001399e-05
   1.8940000e+03   7.2860661e-05
   1.8950000e+03   6.0564677e-04
   1.8960000e+03   2.3480262e-04
   1.8970000e+03   7.5394805e-05
   1.8980000e+03   7.6115362e-05
   1.8990000e+03   7.7023996e-05
   1.9000000e+03   7.7943921e-05
   1.9010000e+03   7.8723840e-05
   1.9020000e+03   7.9527893e-05
   1.9030000e+03   8.0458046e-05
   1.9040000e+03   8.1433386e-05
   1.9050000e+03   8.2398895e-05
   1.9060000e+03   8.3220024e-05
   1.9070000e+03   8.4050750e-05
   1.9080000e+03   8.5092799e-05
   1.9090000e+03   8.6092822e-05
   1.9100000e+03   8.6956218e-05
   1.9110000e+03   8.7803997e-05
   1.9120000e+03   8.8846772e-05
   1.9130000e+03   8.9742853e-05
   1.9140000e+03   9.0625197e-05
   1.9150000e+03   9.1728931e-05
   1.9160000e+03   9.2819253e-05
   1.9170000e+03   9.3740177e-05
   1.9180000e+03   1.2614862e-03
   1.9190000e+03   3.1476875e-04
   1.9200000e+03   9.6935371e-05
   1.9210000e+03   9.7903570e-05
   1.9220000e+03   3.3764130e-04
   1.9230000e+03   1.0164663e-03
   1.9240000e+03   1.0104929e-04
   1.9250000e+03   2.8392776e-03
   1.9260000e+03   4.6516892e-03
   1.9270000e+03   1.0430462e-04
   1.9280000e+03   1.0536979e-04
   1.9290000e+03   2.7888217e-04
   1.9300000e+03   8.2154638e-04
   1.9310000e+03   1.0874727e-04
   1.9320000e+03   5.2318683e-03
   1.9330000e+03   2.8517844e-03
   1.9340000e+03   1.1248224e-04
   1.9350000e+03   6.3402724e-02
   1.9360000e+03   2.9617493e-03
   1.9370000e+03   3.0579152e-03
   1.9380000e+03   2.0305753e-03
   1.9390000e+03   8.4358691e-04
   1.9400000e+03   7.6496438e-03
   1.9410000e+03   8.5973812e-03
   1.9420000e+03   5.9889064e-02
   1.9430000e+03   2.8457350e-01
   1.9440000e+03   7.0351863e-03
   1.9450000e+03   3.6149861e-04
   1.9460000e+03   7.2662540e-02
   1.9470000e+03   1.4664197e-01
   1.9480000e+03   3.9496335e-02
   1.9490000e+03   7.0555451e-02
   1.9500000e+03   1.5136576e-01
   1.9510000e+03   2.8722500e-01
   1.9520000e+03   5.0403061e-01
   1.9530000e+03   1.3829141e-01
   1.9540000e+03   1.4715069e-01
   1.9550000e+03   1.3967214e-01
   1.9560000e+03   1.0030580e-01
   1.9570000e+03   7.5217862e-02
   1.9580000e+03   1.1818453e-01
   1.9590000e+03   5.0519071e-02
   1.9600000e+03   6.2709097e-01
   1.9610000e+03   1.4303134e-01
   1.9620000e+03   5.5595491e-01
   1.9630000e+03   5.3708496e-02
   1.9640000e+03   4.3018787e-01
   1.9650000e+03   5.5030298e-01
   1.9660000e+03   6.5699898e-01
   1.9670000e+03   1.1663726e+00
   1.9680000e+03   6.5660956e-01
   1.9690000e+03   1.3141031e+00
   1.9700000e+03   2.0022595e+00
   1.9710000e+03   7.8924844e-01
   1.9720000e+03   3.8491034e-01
   1.9730000e+03   1.6898550e+00
   1.9740000e+03   9.9919870e-01
   1.9750000e+03   1.9573268e+00
   1.9760000e+03   1.2402393e+00
   1.9770000e+03   2.3278506e+00
   1.9780000e+03   2.1192873e+00
   1.9790000e+03   1.9241704e+00
   1.9800000e+03   1.7165013e-01
   1.9810000e+03   1.5473318e+00
   1.9820000e+03   2.4406924e+00
   1.9830000e+03   1.6045388e+00
   1.9840000e+03   2.8563550e+00
   1.9850000e+03   2.0100739e+00
   1.9860000e+03   2.5569701e+00
   1.9870000e+03   4.4280888e-01
   1.9880000e+03   2.2115487e+00
   1.9890000e+03   2.7342280e+00
   1.9900000e+03   9.6624134e-01
   1.9910000e+03   2.0395758e+00
   1.9920000e+03   2.5743032e+00
   1.9930000e+03   2.8657609e+00
   1.9940000e+03   1.9356201e+00
   1.9950000e+03   2.1761818e+00
   1.9960000e+03   1.6268121e+00
   1.9970000e+03   1.2760396e+00
   1.9980000e+03   1.0329293e+00
   1.9990000e+03   1.1286824e+00
   2.0000000e+03   9.7756447e-01
   2.0010000e+03   5.3795988e-01
   2.0020000e+03   3.8116057e-01
   2.0030000e+03   3.5583707e-01
   2.0040000e+03   2.5350567e-01
   2.0050000e+03   2.9424326e-01
   2.0060000e+03   3.2678523e-01
   2.0070000e+03   4.4485559e-01
   2.0080000e+03   9.3081116e-01
   2.0090000e+03   1.5077753e+00
   2.0100000e+03   8.8791239e-01
   2.0110000e+03   7.2368973e-01
   2.0120000e+03   7.2371087e-01
   2.0130000e+03   5.0598183e-01
   2.0140000e+03   5.7475054e-01
   2.0150000e+03   6.8779723e-01
   2.0160000e+03   6.4241676e-01
   2.0170000e+03   4.1173373e-01
   2.0180000e+03   7.4238004e-01
   2.0190000e+03   1.0537921e+00
   2.0200000e+03   1.0428857e+00
   2.0210000e+03   8.9882388e-01
   2.0220000e+03   1.5235906e+00
   2.0230000e+03   1.6500100e+00
   2.0240000e+03   1.7466158e+00
   2.0250000e+03   1.6600660e+00
   2.0260000e+03   2.3463989e+00
   2.0270000e+03   2.3178456e+00
   2.0280000e+03   1.7682493e+00
   2.0290000e+03   1.6927105e+00
   2.0300000e+03   2.2993857e+00
   2.0310000e+03   2.3369410e+00
   2.0320000e+03   2.7052346e+00
   2.0330000e+03   2.2142712e+00
   2.0340000e+03   2.7340417e+00
   2.0350000e+03   2.7484734e+00
   2.0360000e+03   2.8927698e+00
   2.0370000e+03   2.9017025e+00
   2.0380000e+03   2.3075827e+00
   2.0390000e+03   2.8085035e+00
   2.0400000e+03   1.9184445e+00
   2.0410000e+03   2.5682662e+00
   2.0420000e+03   2.6049142e+00
   2.0430000e+03   2.4887710e+00
   2.0440000e+03   2.0275308e+00
   2.0450000e+03   2.4614293e+00
   2.0460000e+03   2.6783947e+00
   2.0470000e+03   2.7139040e+00
   2.0480000e+03   2.0779871e+00
   2.0490000e+03   2.0581691e+00
   2.0500000e+03   1.7458410e+00
   2.0510000e+03   2.0557557e+00
   2.0520000e+03   1.5162647e+00
   2.0530000e+03   1.6222497e+00
   2.0540000e+03   1.1995434e+00
   2.0550000e+03   1.4419486e+00
   2.0560000e+03   1.7258779e+00
   2.0570000e+03   1.5523709e+00
   2.0580000e+03   1.7121190e+00
   2.0590000e+03   1.7608941e+00
   2.0600000e+03   2.4673451e+00
   2.0610000e+03   1.9740175e+00
   2.0620000e+03   1.6163716e+00
   2.0630000e+03   1.6149544e+00
   2.0640000e+03   1.6066822e+00
   2.0650000e+03   1.8078959e+00
   2.0660000e+03   1.5249615e+00
   2.0670000e+03   1.6501646e+00
   2.0680000e+03   1.8527408e+00
   2.0690000e+03   1.8132707e+00
   2.0700000e+03   1.5566944e+00
   2.0710000e+03   1.9060301e+00
   2.0720000e+03   1.8543040e+00
   2.0730000e+03   2.0303388e+00
   2.0740000e+03   2.0672926e+00
   2.0750000e+03   2.0210369e+00
   2.0760000e+03   2.2675415e+00
   2.0770000e+03   2.0731952e+00
   2.0780000e+03   1.7851151e+00
   2.0790000e+03   2.5222713e+00
   2.0800000e+03   2.6633232e+00
   2.0810000e+03   2.5710878e+00
   2.0820000e+03   2.4613451e+00
   2.0830000e+03   2.3422653e+00
   2.0840000e+03   2.4623755e+00
   2.0850000e+03   2.0485871e+00
   2.0860000e+03   2.3838331e+00
   2.0870000e+03   2.5853971e+00
   2.0880000e+03   2.6020432e+00
   2.0890000e+03   2.4716919e+00
   2.0900000e+03   2.3568216e+00
   2.0910000e+03   2.6244156e+00
   2.0920000e+03   2.4380503e+00
   2.0930000e+03   2.5780542e+00
   2.0940000e+03   2.1401540e+00
   2.0950000e+03   2.6128421e+00
   2.0960000e+03   2.6251453e+00
   2.0970000e+03   2.6140213e+00
   2.0980000e+03   2.6469881e+00
   2.0990000e+03   1.8692796e+00
   2.1000000e+03   2.4612318e+00
   2.1010000e+03   2.6204079e+00
   2.1020000e+03   1.9508072e+00
   2.1030000e+03   2.6727691e+00
   2.1040000e+03   2.6919633e+00
   2.1050000e+03   2.5285802e+00
   2.1060000e+03   2.6680839e+00
   2.1070000e+03   2.6292586e+00
   2.1080000e+03   2.6752229e+00
   2.1090000e+03   2.6616831e+00
   2.1100000e+03   2.3262079e+00
   2.1110000e+03   2.6146386e+00
   2.1120000e+03   2.0657844e+00
   2.1130000e+03   2.5920786e+00
   2.1140000e+03   2.6597182e+00
   2.1150000e+03   2.5879322e+00
   2.1160000e+03   2.4920819e+00
   2.1170000e+03   2.5556148e+00
   2.1180000e+03   2.4932277e+00
   2.1190000e+03   2.0372371e+00
   2.1200000e+03   2.2464939e+00
   2.1210000e+03   2.5547069e+00
   2.1220000e+03   2.6030994e+00
   2.1230000e+03   2.6103902e+00
   2.1240000e+03   2.2551821e+00
   2.1250000e+03   2.3948573e+00
   2.1260000e+03   2.6038820e+00
   2.1270000e+03   2.5297054e+00
   2.1280000e+03   1.9276739e+00
   2.1290000e+03   2.5883775e+00
   2.1300000e+03   2.5669878e+00
   2.1310000e+03   2.5971193e+00
   2.1320000e+03   2.5906755e+00
   2.1330000e+03   2.5679339e+00
   2.1340000e+03   2.5796766e+00
   2.1350000e+03   2.5678981e+00
   2.1360000e+03   2.1494986e+00
   2.1370000e+03   2.5568256e+00
   2.1380000e+03   2.5507341e+00
   2.1390000e+03   2.4809831e+00
   2.1400000e+03   2.5292822e+00
   2.1410000e+03   2.5424463e+00
   2.1420000e+03   2.5233684e+00
   2.1430000e+03   2.5129042e+00
   2.1440000e+03   2.5194028e+00
   2.1450000e+03   2.4681930e+00
   2.1460000e+03   2.4300531e+00
   2.1470000e+03   2.4863317e+00
   2.1480000e+03   2.3823179e+00
   2.1490000e+03   2.4579789e+00
   2.1500000e+03   2.2952432e+00
   2.1510000e+03   2.1145647e+00
   2.1520000e+03   1.9866416e+00
   2.1530000e+03   1.9537368e+00
   2.1540000e+03   2.1942151e+00
   2.1550000e+03   2.3182396e+00
   2.1560000e+03   2.3557168e+00
   2.1570000e+03   2.3991075e+00
   2.1580000e+03   2.3051166e+00
   2.1590000e+03   2.0755491e+00
   2.1600000e+03   2.1974961e+00
   2.1610000e+03   2.2314497e+00
   2.1620000e+03   2.3320110e+00
   2.1630000e+03   2.0924321e+00
   2.1640000e+03   1.5712737e+00
   2.1650000e+03   2.2185201e+00
   2.1660000e+03   1.9114935e+00
   2.1670000e+03   2.0947663e+00
   2.1680000e+03   2.2024166e+00
   2.1690000e+03   1.8134113e+00
   2.1700000e+03   2.2559675e+00
   2.1710000e+03   2.3348925e+00
   2.1720000e+03   2.2795755e+00
   2.1730000e+03   2.2157177e+00
   2.1740000e+03   1.8280114e+00
   2.1750000e+03   2.1634731e+00
   2.1760000e+03   1.8681973e+00
   2.1770000e+03   2.2703859e+00
   2.1780000e+03   2.2858410e+00
   2.1790000e+03   1.8384310e+00
   2.1800000e+03   2.2057352e+00
   2.1810000e+03   2.2867863e+00
   2.1820000e+03   2.2415109e+00
   2.1830000e+03   1.5457893e+00
   2.1840000e+03   2.1142905e+00
   2.1850000e+03   1.3717300e+00
   2.1860000e+03   2.2528974e+00
   2.1870000e+03   2.0159458e+00
   2.1880000e+03   1.7192849e+00
   2.1890000e+03   2.1520910e+00
   2.1900000e+03   2.1828772e+00
   2.1910000e+03   1.9382343e+00
   2.1920000e+03   2.2641394e+00
   2.1930000e+03   2.2483515e+00
   2.1940000e+03   1.9552121e+00
   2.1950000e+03   1.8154213e+00
   2.1960000e+03   2.0718487e+00
   2.1970000e+03   1.9958633e+00
   2.1980000e+03   1.5561889e+00
   2.1990000e+03   1.8637769e+00
   2.2000000e+03   1.7000068e+00
   2.2010000e+03   1.9446015e+00
   2.2020000e+03   1.9982626e+00
   2.2030000e+03   2.0630162e+00
   2.2040000e+03   1.9089596e+00
   2.2050000e+03   1.6812891e+00
   2.2060000e+03   2.0525009e+00
   2.2070000e+03   1.8813859e+00
   2.2080000e+03   1.9941344e+00
   2.2090000e+03   2.0849937e+00
   2.2100000e+03   2.0293372e+00
   2.2110000e+03   2.1343062e+00
   2.2120000e+03   2.1642502e+00
   2.2130000e+03   2.1408833e+00
   2.2140000e+03   2.1033683e+00
   2.2150000e+03   1.8816382e+00
   2.2160000e+03   1.7457655e+00
   2.2170000e+03   2.0478718e+00
   2.2180000e+03   2.0361751e+00
   2.2190000e+03   2.1088743e+00
   2.2200000e+03   2.0367749e+00
   2.2210000e+03   2.0402420e+00
   2.2220000e+03   2.0195710e+00
   2.2230000e+03   2.0079049e+00
   2.2240000e+03   2.0535363e+00
   2.2250000e+03   1.8941678e+00
   2.2260000e+03   1.9296491e+00
   2.2270000e+03   1.8957016e+00
   2.2280000e+03   2.0313947e+00
   2.2290000e+03   2.0555164e+00
   2.2300000e+03   2.0669943e+00
   2.2310000e+03   2.0252718e+00
   2.2320000e+03   1.8925217e+00
   2.2330000e+03   1.9862400e+00
   2.2340000e+03   1.9586186e+00
   2.2350000e+03   2.0118186e+00
   2.2360000e+03   1.8464650e+00
   2.2370000e+03   1.9587965e+00
   2.2380000e+03   1.8914873e+00
   2.2390000e+03   1.9717698e+00
   2.2400000e+03   1.9089835e+00
   2.2410000e+03   1.9605415e+00
   2.2420000e+03   1.9366938e+00
   2.2430000e+03   1.9024398e+00
   2.2440000e+03   1.7264640e+00
   2.2450000e+03   1.9885556e+00
   2.2460000e+03   1.8692481e+00
   2.2470000e+03   1.6581311e+00
   2.2480000e+03   1.8722609e+00
   2.2490000e+03   1.9379577e+00
   2.2500000e+03   1.8763162e+00
   2.2510000e+03   1.8532498e+00
   2.2520000e+03   1.8705087e+00
   2.2530000e+03   1.8724823e+00
   2.2540000e+03   1.6972577e+00
   2.2550000e+03   1.8228153e+00
   2.2560000e+03   1.7872716e+00
   2.2570000e+03   1.6651172e+00
   2.2580000e+03   1.7839545e+00
   2.2590000e+03   1.8879355e+00
   2.2600000e+03   1.8176118e+00
   2.2610000e+03   1.6701454e+00
   2.2620000e+03   1.4855680e+00
   2.2630000e+03   1.7912225e+00
   2.2640000e+03   1.6408261e+00
   2.2650000e+03   1.6321361e+00
   2.2660000e+03   1.8451528e+00
   2.2670000e+03   1.8430177e+00
   2.2680000e+03   1.6459925e+00
   2.2690000e+03   1.4558669e+00
   2.2700000e+03   1.7454843e+00
   2.2710000e+03   1.7505769e+00
   2.2720000e+03   1.6388741e+00
   2.2730000e+03   1.7658022e+00
   2.2740000e+03   1.7906432e+00
   2.2750000e+03   1.5573473e+00
   2.2760000e+03   1.4318812e+00
   2.2770000e+03   1.6642041e+00
   2.2780000e+03   1.7761744e+00
   2.2790000e+03   1.8105437e+00
   2.2800000e+03   1.8150625e+00
   2.2810000e+03   1.5691367e+00
   2.2820000e+03   1.6608045e+00
   2.2830000e+03   1.3539920e+00
   2.2840000e+03   1.5158135e+00
   2.2850000e+03   1.5988069e+00
   2.2860000e+03   1.7561428e+00
   2.2870000e+03   1.7080200e+00
   2.2880000e+03   1.6946245e+00
   2.2890000e+03   1.5981914e+00
   2.2900000e+03   1.3921126e+00
   2.2910000e+03   1.5304257e+00
   2.2920000e+03   1.4178910e+00
   2.2930000e+03   1.5771198e+00
   2.2940000e+03   1.5299481e+00
   2.2950000e+03   1.3084175e+00
   2.2960000e+03   1.2855332e+00
   2.2970000e+03   1.5850649e+00
   2.2980000e+03   1.4411223e+00
   2.2990000e+03   1.4367512e+00
   2.3000000e+03   1.4627922e+00
   2.3010000e+03   1.5165016e+00
   2.3020000e+03   1.5428232e+00
   2.3030000e+03   1.5644012e+00
   2.3040000e+03   1.4183029e+00
   2.3050000e+03   1.4355570e+00
   2.3060000e+03   1.5610035e+00
   2.3070000e+03   1.4194209e+00
   2.3080000e+03   1.5946077e+00
   2.3090000e+03   1.5230371e+00
   2.3100000e+03   1.5671357e+00
   2.3110000e+03   1.6743056e+00
   2.3120000e+03   1.5404701e+00
   2.3130000e+03   1.7026831e+00
   2.3140000e+03   1.6904368e+00
   2.3150000e+03   1.5772669e+00
   2.3160000e+03   1.2261014e+00
   2.3170000e+03   9.2348983e-01
   2.3180000e+03   9.6994797e-01
   2.3190000e+03   1.3149582e+00
   2.3200000e+03   1.3851141e+00
   2.3210000e+03   1.4587813e+00
   2.3220000e+03   1.0694122e+00
   2.3230000e+03   1.0106108e+00
   2.3240000e+03   1.2454008e+00
   2.3250000e+03   1.5362415e+00
   2.3260000e+03   1.4173826e+00
   2.3270000e+03   1.5122334e+00
   2.3280000e+03   1.3686848e+00
   2.3290000e+03   1.4504601e+00
   2.3300000e+03   1.4961169e+00
   2.3310000e+03   1.2695207e+00
   2.3320000e+03   1.3016961e+00
   2.3330000e+03   1.4908798e+00
   2.3340000e+03   1.4324949e+00
   2.3350000e+03   1.2739670e+00
   2.3360000e+03   1.4160578e+00
   2.3370000e+03   1.5028350e+00
   2.3380000e+03   1.3818146e+00
   2.3390000e+03   1.1431561e+00
   2.3400000e+03   8.8001973e-01
   2.3410000e+03   1.0429173e+00
   2.3420000e+03   1.0441601e+00
   2.3430000e+03   1.3778750e+00
   2.3440000e+03   1.3327004e+00
   2.3450000e+03   1.0376469e+00
   2.3460000e+03   1.2538018e+00
   2.3470000e+03   1.0819807e+00
   2.3480000e+03   1.0173564e+00
   2.3490000e+03   1.2553319e+00
   2.3500000e+03   9.5691822e-01
   2.3510000e+03   9.1915206e-01
   2.3520000e+03   4.0800064e-01
   2.3530000e+03   9.4339086e-01
   2.3540000e+03   1.3053392e+00
   2.3550000e+03   1.2433719e+00
   2.3560000e+03   1.0186934e+00
   2.3570000e+03   1.0373191e+00
   2.3580000e+03   9.4108555e-01
   2.3590000e+03   1.0961457e+00
   2.3600000e+03   1.3886914e+00
   2.3610000e+03   1.3725176e+00
   2.3620000e+03   1.1914117e+00
   2.3630000e+03   1.3074524e+00
   2.3640000e+03   8.1725505e-01
   2.3650000e+03   1.2533803e+00
   2.3660000e+03   1.3011468e+00
   2.3670000e+03   9.4258380e-01
   2.3680000e+03   1.1094805e+00
   2.3690000e+03   7.4512208e-01
   2.3700000e+03   8.2678460e-01
   2.3710000e+03   2.9547570e-01
   2.3720000e+03   7.8883601e-01
   2.3730000e+03   8.9297234e-01
   2.3740000e+03   1.1123496e+00
   2.3750000e+03   1.1783374e+00
   2.3760000e+03   7.9166301e-01
   2.3770000e+03   7.6466522e-01
   2.3780000e+03   5.0627929e-01
   2.3790000e+03   8.8359139e-01
   2.3800000e+03   8.3854871e-01
   2.3810000e+03   7.9166798e-01
   2.3820000e+03   1.1777239e+00
   2.3830000e+03   5.7623482e-01
   2.3840000e+03   2.9209384e-01
   2.3850000e+03   9.0589178e-01
   2.3860000e+03   2.7212171e-01
   2.3870000e+03   8.7353720e-01
   2.3880000e+03   5.1228816e-01
   2.3890000e+03   1.0333149e+00
   2.3900000e+03   9.5540672e-01
   2.3910000e+03   7.0399161e-01
   2.3920000e+03   6.0007562e-01
   2.3930000e+03   1.0395445e+00
   2.3940000e+03   1.0100855e+00
   2.3950000e+03   9.3424372e-01
   2.3960000e+03   8.6661802e-01
   2.3970000e+03   2.5350503e-01
   2.3980000e+03   7.3036382e-01
   2.3990000e+03   1.0427424e+00
   2.4000000e+03   7.3969870e-01
   2.5000000e+03   1.0012031e-01
   2.6000000e+03   1.7364333e-02
   2.7000000e+03   2.8931363e-02
   2.8000000e+03   4.6062304e-02
   2.9000000e+03   5.8345645e-02
   3.0000000e+03   1.3037326e-01
   3.1000000e+03   1.7753998e-01
   3.2000000e+03   2.6969884e-01
   3.3000000e+03   3.1352752e-01
   3.4000000e+03   3.5600143e-01
   3.5000000e+03   4.3297884e-01
   3.6000000e+03   4.2594325e-01
   3.7000000e+03   4.3389379e-01
   3.8000000e+03   4.3306425e-01
   3.9000000e+03   4.6148226e-01
   4.0000000e+03   4.7953055e-01
   4.1000000e+03   8.1305011e-01
   4.2000000e+03   2.5186568e+00
   4.3000000e+03   3.5402396e+00
   4.4000000e+03   4.0521500e+00
   4.5000000e+03   3.3107247e+00
   4.6000000e+03   1.9441007e+00
   4.7000000e+03   2.1138784e+00
   4.8000000e+03   3.4924966e+00
   4.9000000e+03   4.4070961e+00
   5.0000000e+03   6.5618150e+00
   5.1000000e+03   7.7803593e+00
   5.2000000e+03   9.4869355e+00
   5.3000000e+03   1.0484500e+01
   5.4000000e+03   1.1536611e+01
   5.5000000e+03   1.2481145e+01
   5.6000000e+03   1.3440800e+01
   5.7000000e+03   1.4353497e+01
   5.8000000e+03   1.5282501e+01
   5.9000000e+03   1.6218975e+01
   6.0000000e+03   1.7123411e+01
   6.1000000e+03   1.8023672e+01
   6.2000000e+03   1.8912912e+01
   6.3000000e+03   1.9791130e+01
   6.4000000e+03   2.0724325e+01
   6.5000000e+03   2.1588945e+01
   6.6000000e+03   2.2444410e+01
   6.7000000e+03   2.3251404e+01
   6.8000000e+03   2.4051981e+01
   6.9000000e+03   2.4815832e+01
   7.0000000e+03   2.5579340e+01
   7.1000000e+03   2.6253065e+01
   7.2000000e+03   2.6938620e+01
   7.3000000e+03   2.7600813e+01
   7.4000000e+03   2.7881569e+01
   7.5000000e+03   2.8122242e+01
   7.6000000e+03   2.9069239e+01
   7.7000000e+03   2.7169594e+01
   7.8000000e+03   2.6600819e+01
   7.9000000e+03   2.9418733e+01
   8.0000000e+03   2.2320958e+01
   8.1000000e+03   1.4772120e+01
   8.2000000e+03   2.0429339e+01
   8.3000000e+03   1.5417581e+01
   8.4000000e+03   1.4632815e+01
   8.5000000e+03   1.4792298e+01
   8.6000000e+03   1.1406925e+01
   8.7000000e+03   1.1696647e+01
   8.8000000e+03   1.3641874e+01
   8.9000000e+03   1.0293134e+01
   9.0000000e+03   1.1560343e+01
   9.1000000e+03   1.0224390e+01
   9.2000000e+03   1.0847766e+01
   9.3000000e+03   1.1937843e+01
   9.4000000e+03   1.5589880e+01
   9.5000000e+03   1.8132853e+01
   9.6000000e+03   1.4608421e+01
   9.7000000e+03   1.6131063e+01
   9.8000000e+03   1.5095142e+01
   9.9000000e+03   1.3996695e+01
   1.0000000e+04   1.1532374e+01
   1.0100000e+04   9.7126123e+00
   1.0200000e+04   1.1756907e+01
   1.0300000e+04   1.2738823e+01
   1.0400000e+04   1.0788762e+01
   1.0500000e+04   1.3634347e+01
   1.0600000e+04   1.2139059e+01
   1.0700000e+04   1.1255722e+01
   1.0800000e+04   1.3567508e+01
   1.0900000e+04   1.2470581e+01
   1.1000000e+04   1.4284830e+01
   1.1100000e+04   1.1715934e+01
   1.1200000e+04   1.3025171e+01
   1.1300000e+04   1.5222368e+01
   1.1400000e+04   1.3499033e+01
   1.1500000e+04   1.3892495e+01
   1.1600000e+04   1.4096560e+01
   1.1700000e+04   1.8353012e+01
   1.1800000e+04   1.4669663e+01
   1.1900000e+04   1.5640016e+01
   1.2000000e+04   1.3741620e+01
   1.2100000e+04   1.6808396e+01
   1.2200000e+04   1.3949795e+01
   1.2300000e+04   1.7272675e+01
   1.2400000e+04   1.9039096e+01
   1.2500000e+04   2.2562679e+01
   1.2600000e+04   2.3268897e+01
   1.2700000e+04   1.7020117e+01
   1.2800000e+04   1.9607764e+01
   1.2900000e+04   2.0773726e+01
   1.3000000e+04   1.9969868e+01
   1.3100000e+04   1.8884462e+01
   1.3200000e+04   2.2665365e+01
   1.3300000e+04   2.5571078e+01
   1.3400000e+04   2.6309763e+01
   1.3500000e+04   2.7608862e+01
   1.3600000e+04   2.6739368e+01
   1.3700000e+04   2.7127881e+01
   1.3800000e+04   2.5773781e+01
   1.3900000e+04   2.7518605e+01
   1.4000000e+04   2.7001825e+01
   1.4100000e+04   2.7090286e+01
   1.4200000e+04   2.7006671e+01
   1.4300000e+04   2.6770254e+01
   1.4400000e+04   2.6551430e+01
   1.4500000e+04   2.6326913e+01
   1.4600000e+04   2.6042206e+01
   1.4700000e+04   2.5766854e+01
   1.4800000e+04   2.5494984e+01
   1.4900000e+04   2.5246268e+01
   1.5000000e+04   2.4975127e+01
   1.6000000e+04   2.2294495e+01
   1.7000000e+04   1.9820469e+01
   1.8000000e+04   1.7640878e+01
   1.9000000e+04   1.5776435e+01
   2.0000000e+04   1.4102410e+01
   2.1000000e+04   1.2613312e+01
   2.2000000e+04   1.1275176e+01
   2.3000000e+04   1.0063715e+01
   2.4000000e+04   9.0196914e+00
   2.5000000e+04   8.0966756e+00
   2.6000000e+04   7.2681533e+00
   2.7000000e+04   6.5309950e+00
   2.8000000e+04   5.8768051e+00
   2.9000000e+04   5.2998937e+00
   3.0000000e+04   4.7957420e+00
   3.1000000e+04   4.3583525e+00
   3.2000000e+04   3.9621496e+00
   3.3000000e+04   3.6057745e+00
   3.4000000e+04   3.2844508e+00
   3.5000000e+04   2.9972044e+00
   3.6000000e+04   2.7404583e+00
   3.7000000e+04   2.5113885e+00
   3.8000000e+04   2.3087244e+00
   3.9000000e+04   2.1296825e+00
   4.0000000e+04   1.9593427e+00
   4.1000000e+04   1.7973290e+00
   4.2000000e+04   1.6668285e+00
   4.3000000e+04   1.5428742e+00
   4.4000000e+04   1.4246608e+00
   4.5000000e+04   1.3222725e+00
   4.6000000e+04   1.2341100e+00
   4.7000000e+04   1.1501138e+00
   4.8000000e+04   1.0696495e+00
   4.9000000e+04   1.0011956e+00
   5.0000000e+04   9.3591646e-01
