   4.0000000e+02   3.9108313e+02
   4.0100000e+02   3.6746808e+02
   4.0200000e+02   3.9874321e+02
   4.0300000e+02   3.7393095e+02
   4.0400000e+02   4.0834340e+02
   4.0500000e+02   3.6537860e+02
   4.0600000e+02   3.6123814e+02
   4.0700000e+02   3.7512422e+02
   4.0800000e+02   3.8582986e+02
   4.0900000e+02   4.2710062e+02
   4.1000000e+02   3.5066958e+02
   4.1100000e+02   4.0900730e+02
   4.1200000e+02   4.3245269e+02
   4.1300000e+02   4.1408791e+02
   4.1400000e+02   4.2772826e+02
   4.1500000e+02   4.2843668e+02
   4.1600000e+02   4.2131548e+02
   4.1700000e+02   4.2342211e+02
   4.1800000e+02   4.1595518e+02
   4.1900000e+02   4.2561495e+02
   4.2000000e+02   4.0223041e+02
   4.2100000e+02   4.5883539e+02
   4.2200000e+02   4.4916906e+02
   4.2300000e+02   3.9141715e+02
   4.2400000e+02   4.2618033e+02
   4.2500000e+02   4.3855544e+02
   4.2600000e+02   4.1641341e+02
   4.2700000e+02   4.1161447e+02
   4.2800000e+02   4.2705599e+02
   4.2900000e+02   4.0564590e+02
   4.3000000e+02   3.2969991e+02
   4.3100000e+02   3.0953139e+02
   4.3200000e+02   4.8178487e+02
   4.3300000e+02   4.3728188e+02
   4.3400000e+02   3.9795226e+02
   4.3500000e+02   4.5820207e+02
   4.3600000e+02   4.8582762e+02
   4.3700000e+02   4.9711467e+02
   4.3800000e+02   4.4576635e+02
   4.3900000e+02   4.3860284e+02
   4.4000000e+02   4.8697338e+02
   4.4100000e+02   4.8292676e+02
   4.4200000e+02   5.0686252e+02
   4.4300000e+02   5.2186331e+02
   4.4400000e+02   5.1300594e+02
   4.4500000e+02   5.4034400e+02
   4.4600000e+02   4.7437926e+02
   4.4700000e+02   5.3047584e+02
   4.4800000e+02   5.4253087e+02
   4.4900000e+02   5.5438214e+02
   4.5000000e+02   5.5151391e+02
   4.5100000e+02   5.9338613e+02
   4.5200000e+02   5.6653805e+02
   4.5300000e+02   5.2224643e+02
   4.5400000e+02   5.5797096e+02
   4.5500000e+02   5.5011802e+02
   4.5600000e+02   5.7391564e+02
   4.5700000e+02   5.7592970e+02
   4.5800000e+02   5.7590566e+02
   4.5900000e+02   5.6450112e+02
   4.6000000e+02   5.6359014e+02
   4.6100000e+02   5.8618132e+02
   4.6200000e+02   5.9337303e+02
   4.6300000e+02   5.9941449e+02
   4.6400000e+02   5.8388704e+02
   4.6500000e+02   5.7424259e+02
   4.6600000e+02   5.9462133e+02
   4.6700000e+02   5.5743049e+02
   4.6800000e+02   5.8676893e+02
   4.6900000e+02   5.9662370e+02
   4.7000000e+02   5.7454681e+02
   4.7100000e+02   5.8255597e+02
   4.7200000e+02   6.0695565e+02
   4.7300000e+02   5.9152724e+02
   4.7400000e+02   6.0271689e+02
   4.7500000e+02   6.1677487e+02
   4.7600000e+02   5.9532040e+02
   4.7700000e+02   5.8906830e+02
   4.7800000e+02   6.2735064e+02
   4.7900000e+02   6.0406118e+02
   4.8000000e+02   6.2704040e+02
   4.8100000e+02   6.1206827e+02
   4.8200000e+02   6.3028671e+02
   4.8300000e+02   6.1691241e+02
   4.8400000e+02   6.0590140e+02
   4.8500000e+02   6.1224017e+02
   4.8600000e+02   4.8131468e+02
   4.8700000e+02   5.4334524e+02
   4.8800000e+02   6.0318459e+02
   4.8900000e+02   5.6599467e+02
   4.9000000e+02   6.3828538e+02
   4.9100000e+02   6.1575080e+02
   4.9200000e+02   5.8246805e+02
   4.9300000e+02   6.2046050e+02
   4.9400000e+02   6.0073726e+02
   4.9500000e+02   6.4137295e+02
   4.9600000e+02   6.1267886e+02
   4.9700000e+02   6.2434985e+02
   4.9800000e+02   6.1173804e+02
   4.9900000e+02   6.0923566e+02
   5.0000000e+02   6.1010220e+02
   5.0100000e+02   5.8625235e+02
   5.0200000e+02   5.7391479e+02
   5.0300000e+02   6.1837772e+02
   5.0400000e+02   5.7142214e+02
   5.0500000e+02   6.1495448e+02
   5.0600000e+02   6.4880113e+02
   5.0700000e+02   6.0962823e+02
   5.0800000e+02   5.9666829e+02
   5.0900000e+02   6.3712525e+02
   5.1000000e+02   6.1761910e+02
   5.1100000e+02   6.1736623e+02
   5.1200000e+02   6.4555611e+02
   5.1300000e+02   6.0555828e+02
   5.1400000e+02   5.8926086e+02
   5.1500000e+02   6.1090840e+02
   5.1600000e+02   6.2245186e+02
   5.1700000e+02   4.8569911e+02
   5.1800000e+02   5.9311755e+02
   5.1900000e+02   5.5600659e+02
   5.2000000e+02   6.2179630e+02
   5.2100000e+02   6.0466138e+02
   5.2200000e+02   6.2808049e+02
   5.2300000e+02   5.8075998e+02
   5.2400000e+02   6.3979939e+02
   5.2500000e+02   6.3203310e+02
   5.2600000e+02   6.2808623e+02
   5.2700000e+02   5.3950861e+02
   5.2800000e+02   6.2215238e+02
   5.2900000e+02   6.4773452e+02
   5.3000000e+02   6.1923732e+02
   5.3100000e+02   6.6241424e+02
   5.3200000e+02   6.4566308e+02
   5.3300000e+02   5.8419940e+02
   5.3400000e+02   6.3342682e+02
   5.3500000e+02   6.3521576e+02
   5.3600000e+02   6.6222721e+02
   5.3700000e+02   6.0858400e+02
   5.3800000e+02   6.4490085e+02
   5.3900000e+02   6.3475047e+02
   5.4000000e+02   6.2735409e+02
   5.4100000e+02   5.9387651e+02
   5.4200000e+02   6.3774901e+02
   5.4300000e+02   6.1959899e+02
   5.4400000e+02   6.4290585e+02
   5.4500000e+02   6.3517610e+02
   5.4600000e+02   6.2554000e+02
   5.4700000e+02   6.4743477e+02
   5.4800000e+02   6.1182069e+02
   5.4900000e+02   6.4975518e+02
   5.5000000e+02   6.3695136e+02
   5.5100000e+02   6.3303566e+02
   5.5200000e+02   6.5155483e+02
   5.5300000e+02   6.3002331e+02
   5.5400000e+02   6.4407665e+02
   5.5500000e+02   6.5472600e+02
   5.5600000e+02   6.4140809e+02
   5.5700000e+02   6.1578821e+02
   5.5800000e+02   6.4190377e+02
   5.5900000e+02   6.0553231e+02
   5.6000000e+02   6.0331741e+02
   5.6100000e+02   6.5883527e+02
   5.6200000e+02   6.1753291e+02
   5.6300000e+02   6.3320528e+02
   5.6400000e+02   6.2395036e+02
   5.6500000e+02   6.3811539e+02
   5.6600000e+02   6.0289048e+02
   5.6700000e+02   6.3628884e+02
   5.6800000e+02   6.2951088e+02
   5.6900000e+02   6.1393149e+02
   5.7000000e+02   6.2097228e+02
   5.7100000e+02   5.9483410e+02
   5.7200000e+02   6.3067228e+02
   5.7300000e+02   6.3482219e+02
   5.7400000e+02   6.3703392e+02
   5.7500000e+02   6.2585237e+02
   5.7600000e+02   6.1430660e+02
   5.7700000e+02   6.3821197e+02
   5.7800000e+02   6.2134600e+02
   5.7900000e+02   6.1836109e+02
   5.8000000e+02   6.3879853e+02
   5.8100000e+02   6.3379254e+02
   5.8200000e+02   6.4114348e+02
   5.8300000e+02   6.4985476e+02
   5.8400000e+02   6.4839600e+02
   5.8500000e+02   6.4527068e+02
   5.8600000e+02   6.1917203e+02
   5.8700000e+02   6.4296785e+02
   5.8800000e+02   6.3248291e+02
   5.8900000e+02   5.4747747e+02
   5.9000000e+02   5.6775720e+02
   5.9100000e+02   6.1638189e+02
   5.9200000e+02   6.0204719e+02
   5.9300000e+02   6.1171850e+02
   5.9400000e+02   6.1303913e+02
   5.9500000e+02   5.9920344e+02
   5.9600000e+02   6.2225791e+02
   5.9700000e+02   6.2567325e+02
   5.9800000e+02   6.2137523e+02
   5.9900000e+02   6.1525737e+02
   6.0000000e+02   6.2533453e+02
   6.0100000e+02   6.2616980e+02
   6.0200000e+02   6.1379387e+02
   6.0300000e+02   6.2939546e+02
   6.0400000e+02   6.3970557e+02
   6.0500000e+02   6.4304138e+02
   6.0600000e+02   6.3527292e+02
   6.0700000e+02   6.3812174e+02
   6.0800000e+02   6.3325300e+02
   6.0900000e+02   6.2987545e+02
   6.1000000e+02   6.2307270e+02
   6.1100000e+02   6.3255211e+02
   6.1200000e+02   6.2427730e+02
   6.1300000e+02   6.3337492e+02
   6.1400000e+02   6.0838597e+02
   6.1500000e+02   6.3420979e+02
   6.1600000e+02   6.0456507e+02
   6.1700000e+02   6.0938120e+02
   6.1800000e+02   6.2891606e+02
   6.1900000e+02   6.2332128e+02
   6.2000000e+02   6.3698918e+02
   6.2100000e+02   6.4317611e+02
   6.2200000e+02   6.2002978e+02
   6.2300000e+02   6.1838732e+02
   6.2400000e+02   6.2778136e+02
   6.2500000e+02   6.1012457e+02
   6.2600000e+02   6.1071395e+02
   6.2700000e+02   6.2481361e+02
   6.2800000e+02   5.9884619e+02
   6.2900000e+02   6.1839695e+02
   6.3000000e+02   6.0195793e+02
   6.3100000e+02   6.2564308e+02
   6.3200000e+02   5.9765254e+02
   6.3300000e+02   6.2896841e+02
   6.3400000e+02   6.1448570e+02
   6.3500000e+02   6.2614665e+02
   6.3600000e+02   6.1503943e+02
   6.3700000e+02   6.2935120e+02
   6.3800000e+02   6.3522187e+02
   6.3900000e+02   6.3723467e+02
   6.4000000e+02   6.1460693e+02
   6.4100000e+02   6.1872687e+02
   6.4200000e+02   6.1899686e+02
   6.4300000e+02   6.2911569e+02
   6.4400000e+02   6.2729887e+02
   6.4500000e+02   6.2564618e+02
   6.4600000e+02   6.0725965e+02
   6.4700000e+02   6.0871950e+02
   6.4800000e+02   5.9676878e+02
   6.4900000e+02   6.0145161e+02
   6.5000000e+02   5.8148918e+02
   6.5100000e+02   6.2726493e+02
   6.5200000e+02   5.9513805e+02
   6.5300000e+02   6.1764071e+02
   6.5400000e+02   6.2196438e+02
   6.5500000e+02   5.9537835e+02
   6.5600000e+02   5.1494180e+02
   6.5700000e+02   5.4138980e+02
   6.5800000e+02   6.0827134e+02
   6.5900000e+02   6.1332800e+02
   6.6000000e+02   6.1590434e+02
   6.6100000e+02   6.2333436e+02
   6.6200000e+02   6.3359476e+02
   6.6300000e+02   6.2955153e+02
   6.6400000e+02   6.2101473e+02
   6.6500000e+02   6.2745659e+02
   6.6600000e+02   6.3120823e+02
   6.6700000e+02   6.2494914e+02
   6.6800000e+02   6.2534646e+02
   6.6900000e+02   6.3527393e+02
   6.7000000e+02   6.2861005e+02
   6.7100000e+02   6.2641535e+02
   6.7200000e+02   6.1489983e+02
   6.7300000e+02   6.2740372e+02
   6.7400000e+02   6.2684191e+02
   6.7500000e+02   6.2155608e+02
   6.7600000e+02   6.2880984e+02
   6.7700000e+02   6.2080623e+02
   6.7800000e+02   6.2981793e+02
   6.7900000e+02   6.2421751e+02
   6.8000000e+02   6.2242114e+02
   6.8100000e+02   6.2073365e+02
   6.8200000e+02   6.2256552e+02
   6.8300000e+02   6.2195170e+02
   6.8400000e+02   6.0746210e+02
   6.8500000e+02   6.1863594e+02
   6.8600000e+02   6.0681718e+02
   6.8700000e+02   4.5556166e+02
   6.8800000e+02   5.0659482e+02
   6.8900000e+02   5.2170854e+02
   6.9000000e+02   5.2963752e+02
   6.9100000e+02   5.6151145e+02
   6.9200000e+02   5.6597693e+02
   6.9300000e+02   5.5133617e+02
   6.9400000e+02   5.3605461e+02
   6.9500000e+02   5.5755045e+02
   6.9600000e+02   5.5599470e+02
   6.9700000e+02   6.0062030e+02
   6.9800000e+02   5.8136473e+02
   6.9900000e+02   5.6918455e+02
   7.0000000e+02   5.6446203e+02
   7.0100000e+02   5.4837226e+02
   7.0200000e+02   5.5693941e+02
   7.0300000e+02   5.5893676e+02
   7.0400000e+02   5.7325173e+02
   7.0500000e+02   5.7962835e+02
   7.0600000e+02   5.8374282e+02
   7.0700000e+02   5.8202334e+02
   7.0800000e+02   5.8997184e+02
   7.0900000e+02   5.8118227e+02
   7.1000000e+02   5.8823019e+02
   7.1100000e+02   5.8730283e+02
   7.1200000e+02   5.8277010e+02
   7.1300000e+02   5.8280005e+02
   7.1400000e+02   5.8527706e+02
   7.1500000e+02   5.6440586e+02
   7.1600000e+02   5.6950632e+02
   7.1700000e+02   4.6120971e+02
   7.1800000e+02   4.2808477e+02
   7.1900000e+02   3.8651857e+02
   7.2000000e+02   3.9616657e+02
   7.2100000e+02   4.6250323e+02
   7.2200000e+02   5.4098391e+02
   7.2300000e+02   4.8788997e+02
   7.2400000e+02   4.4502512e+02
   7.2500000e+02   4.3646984e+02
   7.2600000e+02   4.5783557e+02
   7.2700000e+02   4.6577264e+02
   7.2800000e+02   4.3743295e+02
   7.2900000e+02   4.5473039e+02
   7.3000000e+02   4.8434450e+02
   7.3100000e+02   4.5237030e+02
   7.3200000e+02   5.0302618e+02
   7.3300000e+02   5.2835587e+02
   7.3400000e+02   5.4906002e+02
   7.3500000e+02   5.3615202e+02
   7.3600000e+02   5.3718383e+02
   7.3700000e+02   5.3912533e+02
   7.3800000e+02   5.5631245e+02
   7.3900000e+02   5.3810728e+02
   7.4000000e+02   5.5485178e+02
   7.4100000e+02   5.5383535e+02
   7.4200000e+02   5.5543522e+02
   7.4300000e+02   5.6726682e+02
   7.4400000e+02   5.7150044e+02
   7.4500000e+02   5.6687846e+02
   7.4600000e+02   5.7030394e+02
   7.4700000e+02   5.7681153e+02
   7.4800000e+02   5.7084288e+02
   7.4900000e+02   5.7218228e+02
   7.5000000e+02   5.6399414e+02
   7.5100000e+02   5.5892882e+02
   7.5200000e+02   5.7378808e+02
   7.5300000e+02   5.5918722e+02
   7.5400000e+02   5.7283049e+02
   7.5500000e+02   5.6868985e+02
   7.5600000e+02   5.6337636e+02
   7.5700000e+02   5.6674651e+02
   7.5800000e+02   5.6758400e+02
   7.5900000e+02   5.5351373e+02
   7.6000000e+02   1.6960823e+02
   7.6100000e+02   1.0740727e+02
   7.6200000e+02   3.5250735e+02
   7.6300000e+02   2.0434466e+02
   7.6400000e+02   2.8518337e+02
   7.6500000e+02   3.4995307e+02
   7.6600000e+02   4.0707032e+02
   7.6700000e+02   4.6612443e+02
   7.6800000e+02   5.2987873e+02
   7.6900000e+02   5.3378794e+02
   7.7000000e+02   5.4413825e+02
   7.7100000e+02   5.5173692e+02
   7.7200000e+02   5.4530107e+02
   7.7300000e+02   5.4914745e+02
   7.7400000e+02   5.5092938e+02
   7.7500000e+02   5.4034941e+02
   7.7600000e+02   5.5256887e+02
   7.7700000e+02   5.5137777e+02
   7.7800000e+02   5.3997291e+02
   7.7900000e+02   5.4920075e+02
   7.8000000e+02   5.4305042e+02
   7.8100000e+02   5.4376809e+02
   7.8200000e+02   5.5062001e+02
   7.8300000e+02   5.4143918e+02
   7.8400000e+02   5.4059388e+02
   7.8500000e+02   5.4154881e+02
   7.8600000e+02   5.4166736e+02
   7.8700000e+02   5.3190096e+02
   7.8800000e+02   5.2320222e+02
   7.8900000e+02   5.2234451e+02
   7.9000000e+02   5.0351740e+02
   7.9100000e+02   5.1555603e+02
   7.9200000e+02   5.0837238e+02
   7.9300000e+02   5.0050771e+02
   7.9400000e+02   5.1906115e+02
   7.9500000e+02   5.1111760e+02
   7.9600000e+02   4.9828002e+02
   7.9700000e+02   5.0662294e+02
   7.9800000e+02   5.2244204e+02
   7.9900000e+02   5.1536196e+02
   8.0000000e+02   4.9381396e+02
   8.0100000e+02   5.0442641e+02
   8.0200000e+02   5.0400578e+02
   8.0300000e+02   4.9367736e+02
   8.0400000e+02   5.0361518e+02
   8.0500000e+02   4.9482141e+02
   8.0600000e+02   5.1327172e+02
   8.0700000e+02   5.0926254e+02
   8.0800000e+02   5.0856905e+02
   8.0900000e+02   4.9708220e+02
   8.1000000e+02   4.8228328e+02
   8.1100000e+02   4.8719766e+02
   8.1200000e+02   4.6596081e+02
   8.1300000e+02   4.5770622e+02
   8.1400000e+02   3.9263307e+02
   8.1500000e+02   3.8473101e+02
   8.1600000e+02   3.6481506e+02
   8.1700000e+02   3.7288923e+02
   8.1800000e+02   3.6018518e+02
   8.1900000e+02   4.0335650e+02
   8.2000000e+02   3.6975365e+02
   8.2100000e+02   4.6210441e+02
   8.2200000e+02   4.3070632e+02
   8.2300000e+02   2.7788658e+02
   8.2400000e+02   4.2861157e+02
   8.2500000e+02   4.4555866e+02
   8.2600000e+02   4.2908429e+02
   8.2700000e+02   4.5336173e+02
   8.2800000e+02   3.6874600e+02
   8.2900000e+02   4.3099529e+02
   8.3000000e+02   4.2142337e+02
   8.3100000e+02   4.2133252e+02
   8.3200000e+02   4.0448989e+02
   8.3300000e+02   4.4394249e+02
   8.3400000e+02   4.2174915e+02
   8.3500000e+02   4.6688042e+02
   8.3600000e+02   4.4490846e+02
   8.3700000e+02   4.7586197e+02
   8.3800000e+02   4.6525743e+02
   8.3900000e+02   4.6636854e+02
   8.4000000e+02   4.7808297e+02
   8.4100000e+02   4.7290923e+02
   8.4200000e+02   4.7915658e+02
   8.4300000e+02   4.8059868e+02
   8.4400000e+02   4.6901599e+02
   8.4500000e+02   4.8041823e+02
   8.4600000e+02   4.8802607e+02
   8.4700000e+02   4.8014958e+02
   8.4800000e+02   4.8349827e+02
   8.4900000e+02   4.8400840e+02
   8.5000000e+02   4.2512363e+02
   8.5100000e+02   4.7708431e+02
   8.5200000e+02   4.6861226e+02
   8.5300000e+02   4.7417612e+02
   8.5400000e+02   3.8575719e+02
   8.5500000e+02   4.2582083e+02
   8.5600000e+02   4.6750341e+02
   8.5700000e+02   4.7898925e+02
   8.5800000e+02   4.7604304e+02
   8.5900000e+02   4.7751963e+02
   8.6000000e+02   4.6959127e+02
   8.6100000e+02   4.7182573e+02
   8.6200000e+02   4.7383841e+02
   8.6300000e+02   4.7963549e+02
   8.6400000e+02   4.7885312e+02
   8.6500000e+02   4.6883663e+02
   8.6600000e+02   4.0769962e+02
   8.6700000e+02   4.3242520e+02
   8.6800000e+02   4.6405882e+02
   8.6900000e+02   4.6195532e+02
   8.7000000e+02   4.7170685e+02
   8.7100000e+02   4.7046624e+02
   8.7200000e+02   4.6685269e+02
   8.7300000e+02   4.6838703e+02
   8.7400000e+02   4.6153404e+02
   8.7500000e+02   4.5644946e+02
   8.7600000e+02   4.6406036e+02
   8.7700000e+02   4.6365003e+02
   8.7800000e+02   4.5972606e+02
   8.7900000e+02   4.6248151e+02
   8.8000000e+02   4.5982484e+02
   8.8100000e+02   4.3641266e+02
   8.8200000e+02   4.6375069e+02
   8.8300000e+02   4.5610195e+02
   8.8400000e+02   4.5716875e+02
   8.8500000e+02   4.6001659e+02
   8.8600000e+02   4.4836045e+02
   8.8700000e+02   4.3989963e+02
   8.8800000e+02   4.4793611e+02
   8.8900000e+02   4.5858182e+02
   8.9000000e+02   4.4733953e+02
   8.9100000e+02   4.4889428e+02
   8.9200000e+02   4.4247141e+02
   8.9300000e+02   4.1349590e+02
   8.9400000e+02   4.1282503e+02
   8.9500000e+02   3.7827082e+02
   8.9600000e+02   3.6088443e+02
   8.9700000e+02   3.0277985e+02
   8.9800000e+02   3.2989561e+02
   8.9900000e+02   2.3396987e+02
   9.0000000e+02   3.4240233e+02
   9.0100000e+02   2.7092265e+02
   9.0200000e+02   3.1877328e+02
   9.0300000e+02   2.9803811e+02
   9.0400000e+02   3.9776375e+02
   9.0500000e+02   3.9355525e+02
   9.0600000e+02   3.5656830e+02
   9.0700000e+02   3.0053985e+02
   9.0800000e+02   2.8565564e+02
   9.0900000e+02   3.1651411e+02
   9.1000000e+02   2.7992410e+02
   9.1100000e+02   3.1066645e+02
   9.1200000e+02   3.1173804e+02
   9.1300000e+02   2.7849885e+02
   9.1400000e+02   2.8305473e+02
   9.1500000e+02   2.9448462e+02
   9.1600000e+02   2.6674056e+02
   9.1700000e+02   3.2834750e+02
   9.1800000e+02   2.5312398e+02
   9.1900000e+02   3.3804977e+02
   9.2000000e+02   3.4471380e+02
   9.2100000e+02   3.6169578e+02
   9.2200000e+02   3.1887988e+02
   9.2300000e+02   3.4616420e+02
   9.2400000e+02   3.2018296e+02
   9.2500000e+02   3.1596035e+02
   9.2600000e+02   3.1458057e+02
   9.2700000e+02   3.5717892e+02
   9.2800000e+02   2.5020376e+02
   9.2900000e+02   2.3765950e+02
   9.3000000e+02   1.7677784e+02
   9.3100000e+02   1.5751691e+02
   9.3200000e+02   1.1151127e+02
   9.3300000e+02   8.2121838e+01
   9.3400000e+02   3.9558160e+01
   9.3500000e+02   9.9251841e+01
   9.3600000e+02   4.7133693e+01
   9.3700000e+02   6.2229590e+01
   9.3800000e+02   6.5917091e+01
   9.3900000e+02   1.5924467e+02
   9.4000000e+02   1.9965719e+02
   9.4100000e+02   1.3628283e+02
   9.4200000e+02   1.5539537e+02
   9.4300000e+02   1.0289114e+02
   9.4400000e+02   1.1307235e+02
   9.4500000e+02   1.4485851e+02
   9.4600000e+02   7.2741560e+01
   9.4700000e+02   1.4087379e+02
   9.4800000e+02   1.0862298e+02
   9.4900000e+02   2.0110047e+02
   9.5000000e+02   4.1739968e+01
   9.5100000e+02   2.2809381e+02
   9.5200000e+02   9.3277526e+01
   9.5300000e+02   1.3221710e+02
   9.5400000e+02   1.8166574e+02
   9.5500000e+02   1.4697704e+02
   9.5600000e+02   1.4236693e+02
   9.5700000e+02   1.1840967e+02
   9.5800000e+02   2.0576493e+02
   9.5900000e+02   1.5786699e+02
   9.6000000e+02   1.7339191e+02
   9.6100000e+02   1.9199810e+02
   9.6200000e+02   1.9119215e+02
   9.6300000e+02   2.2030650e+02
   9.6400000e+02   1.9680613e+02
   9.6500000e+02   2.2421766e+02
   9.6600000e+02   2.1412882e+02
   9.6700000e+02   2.2446964e+02
   9.6800000e+02   3.0875923e+02
   9.6900000e+02   3.2088278e+02
   9.7000000e+02   3.0286310e+02
   9.7100000e+02   3.4905832e+02
   9.7200000e+02   3.3069624e+02
   9.7300000e+02   2.8285061e+02
   9.7400000e+02   2.6944034e+02
   9.7500000e+02   2.7978180e+02
   9.7600000e+02   2.6666506e+02
   9.7700000e+02   2.9852702e+02
   9.7800000e+02   2.9854883e+02
   9.7900000e+02   3.0362957e+02
   9.8000000e+02   2.8696004e+02
   9.8100000e+02   3.4891666e+02
   9.8200000e+02   3.3485894e+02
   9.8300000e+02   3.1734979e+02
   9.8400000e+02   3.6831663e+02
   9.8500000e+02   3.2895795e+02
   9.8600000e+02   3.7007645e+02
   9.8700000e+02   3.6450560e+02
   9.8800000e+02   3.6233014e+02
   9.8900000e+02   3.7093352e+02
   9.9000000e+02   3.6288640e+02
   9.9100000e+02   3.7555011e+02
   9.9200000e+02   3.7700548e+02
   9.9300000e+02   3.6381315e+02
   9.9400000e+02   3.7683735e+02
   9.9500000e+02   3.7577191e+02
   9.9600000e+02   3.7489003e+02
   9.9700000e+02   3.7647973e+02
   9.9800000e+02   3.7513048e+02
   9.9900000e+02   3.7390059e+02
   1.0000000e+03   3.6716224e+02
   1.0010000e+03   3.7447117e+02
   1.0020000e+03   3.6372020e+02
   1.0030000e+03   3.6829523e+02
   1.0040000e+03   3.6347926e+02
   1.0050000e+03   3.4374220e+02
   1.0060000e+03   3.5854840e+02
   1.0070000e+03   3.6690444e+02
   1.0080000e+03   3.6590592e+02
   1.0090000e+03   3.6220400e+02
   1.0100000e+03   3.6159637e+02
   1.0110000e+03   3.6702754e+02
   1.0120000e+03   3.6446766e+02
   1.0130000e+03   3.6478487e+02
   1.0140000e+03   3.6728316e+02
   1.0150000e+03   3.6013485e+02
   1.0160000e+03   3.6241610e+02
   1.0170000e+03   3.5855662e+02
   1.0180000e+03   3.6429112e+02
   1.0190000e+03   3.4944745e+02
   1.0200000e+03   3.5921852e+02
   1.0210000e+03   3.5957993e+02
   1.0220000e+03   3.5380523e+02
   1.0230000e+03   3.5977519e+02
   1.0240000e+03   3.5351419e+02
   1.0250000e+03   3.5982737e+02
   1.0260000e+03   3.5873687e+02
   1.0270000e+03   3.5753640e+02
   1.0280000e+03   3.5776552e+02
   1.0290000e+03   3.5107471e+02
   1.0300000e+03   3.5760269e+02
   1.0310000e+03   3.5566329e+02
   1.0320000e+03   3.5571607e+02
   1.0330000e+03   3.4827543e+02
   1.0340000e+03   3.5395591e+02
   1.0350000e+03   3.4858527e+02
   1.0360000e+03   3.5363992e+02
   1.0370000e+03   3.4591650e+02
   1.0380000e+03   3.5042158e+02
   1.0390000e+03   3.5156649e+02
   1.0400000e+03   3.4812715e+02
   1.0410000e+03   3.4949344e+02
   1.0420000e+03   3.5045206e+02
   1.0430000e+03   3.4456139e+02
   1.0440000e+03   3.4819949e+02
   1.0450000e+03   3.4689927e+02
   1.0460000e+03   3.3696751e+02
   1.0470000e+03   3.4326460e+02
   1.0480000e+03   3.4671214e+02
   1.0490000e+03   3.4463373e+02
   1.0500000e+03   3.4271121e+02
   1.0510000e+03   3.4274095e+02
   1.0520000e+03   3.4055778e+02
   1.0530000e+03   3.4121202e+02
   1.0540000e+03   3.3701000e+02
   1.0550000e+03   3.3956823e+02
   1.0560000e+03   3.3858821e+02
   1.0570000e+03   3.3787362e+02
   1.0580000e+03   3.3499702e+02
   1.0590000e+03   3.2331725e+02
   1.0600000e+03   3.3438286e+02
   1.0610000e+03   3.2290174e+02
   1.0620000e+03   3.3131341e+02
   1.0630000e+03   3.2533133e+02
   1.0640000e+03   3.3013133e+02
   1.0650000e+03   3.2846123e+02
   1.0660000e+03   3.1934229e+02
   1.0670000e+03   3.2654230e+02
   1.0680000e+03   3.2553729e+02
   1.0690000e+03   3.0064496e+02
   1.0700000e+03   3.1773853e+02
   1.0710000e+03   3.2389066e+02
   1.0720000e+03   3.2201548e+02
   1.0730000e+03   3.1315769e+02
   1.0740000e+03   3.2728582e+02
   1.0750000e+03   3.0398566e+02
   1.0760000e+03   3.2361201e+02
   1.0770000e+03   3.1388737e+02
   1.0780000e+03   3.1814374e+02
   1.0790000e+03   3.1340960e+02
   1.0800000e+03   3.0977508e+02
   1.0810000e+03   2.9708472e+02
   1.0820000e+03   3.1134107e+02
   1.0830000e+03   3.0572290e+02
   1.0840000e+03   2.9704186e+02
   1.0850000e+03   3.0717337e+02
   1.0860000e+03   2.8873254e+02
   1.0870000e+03   2.8405313e+02
   1.0880000e+03   3.0931099e+02
   1.0890000e+03   2.9255758e+02
   1.0900000e+03   2.8250038e+02
   1.0910000e+03   3.0583890e+02
   1.0920000e+03   3.0703244e+02
   1.0930000e+03   2.5940899e+02
   1.0940000e+03   2.6724709e+02
   1.0950000e+03   2.6097406e+02
   1.0960000e+03   2.4949869e+02
   1.0970000e+03   2.9622741e+02
   1.0980000e+03   2.4417840e+02
   1.0990000e+03   2.5130479e+02
   1.1000000e+03   2.4020070e+02
   1.1010000e+03   2.4188397e+02
   1.1020000e+03   2.1920172e+02
   1.1030000e+03   2.2342248e+02
   1.1040000e+03   2.1827538e+02
   1.1050000e+03   2.5319556e+02
   1.1060000e+03   1.6899725e+02
   1.1070000e+03   2.3313650e+02
   1.1080000e+03   1.9184606e+02
   1.1090000e+03   1.8956240e+02
   1.1100000e+03   2.2603105e+02
   1.1110000e+03   1.3898297e+02
   1.1120000e+03   2.0018137e+02
   1.1130000e+03   1.0922568e+02
   1.1140000e+03   1.3711391e+02
   1.1150000e+03   1.0340309e+02
   1.1160000e+03   7.8550937e+01
   1.1170000e+03   2.6316271e+01
   1.1180000e+03   8.9126972e+01
   1.1190000e+03   3.9596466e+01
   1.1200000e+03   4.4074483e+01
   1.1210000e+03   6.7137490e+01
   1.1220000e+03   2.2205676e+01
   1.1230000e+03   4.4382583e+01
   1.1240000e+03   3.5887076e+01
   1.1250000e+03   4.4644580e+01
   1.1260000e+03   1.3621029e+01
   1.1270000e+03   5.7207300e+01
   1.1280000e+03   2.9216764e+01
   1.1290000e+03   3.2312106e+01
   1.1300000e+03   1.8257453e+01
   1.1310000e+03   1.1352397e+02
   1.1320000e+03   9.6636572e+01
   1.1330000e+03   4.8060768e+01
   1.1340000e+03   1.0733169e+01
   1.1350000e+03   5.0674318e+00
   1.1360000e+03   4.3803401e+01
   1.1370000e+03   1.1707009e+02
   1.1380000e+03   7.4207405e+01
   1.1390000e+03   1.3089783e+02
   1.1400000e+03   9.2367939e+01
   1.1410000e+03   8.0927792e+01
   1.1420000e+03   9.3669356e+01
   1.1430000e+03   1.2414105e+02
   1.1440000e+03   4.6719771e+01
   1.1450000e+03   4.8110667e+01
   1.1460000e+03   5.9782647e+01
   1.1470000e+03   1.5502986e+01
   1.1480000e+03   1.1103563e+02
   1.1490000e+03   9.0542441e+01
   1.1500000e+03   4.5194496e+01
   1.1510000e+03   7.3390773e+01
   1.1520000e+03   1.0267295e+02
   1.1530000e+03   1.0053196e+02
   1.1540000e+03   4.6915859e+01
   1.1550000e+03   1.3175734e+02
   1.1560000e+03   1.1048952e+02
   1.1570000e+03   1.4419760e+02
   1.1580000e+03   1.3372985e+02
   1.1590000e+03   1.5784341e+02
   1.1600000e+03   1.2091264e+02
   1.1610000e+03   1.6322050e+02
   1.1620000e+03   1.7072349e+02
   1.1630000e+03   2.2655143e+02
   1.1640000e+03   1.8755973e+02
   1.1650000e+03   1.7973093e+02
   1.1660000e+03   1.8263720e+02
   1.1670000e+03   1.9813023e+02
   1.1680000e+03   1.9904647e+02
   1.1690000e+03   2.1088552e+02
   1.1700000e+03   2.3325664e+02
   1.1710000e+03   2.1891592e+02
   1.1720000e+03   2.3128346e+02
   1.1730000e+03   2.3019355e+02
   1.1740000e+03   1.5728952e+02
   1.1750000e+03   2.3092516e+02
   1.1760000e+03   2.3812132e+02
   1.1770000e+03   2.3645064e+02
   1.1780000e+03   1.6786690e+02
   1.1790000e+03   2.5542169e+02
   1.1800000e+03   2.1727741e+02
   1.1810000e+03   2.1971304e+02
   1.1820000e+03   1.5955556e+02
   1.1830000e+03   2.1926667e+02
   1.1840000e+03   2.1021617e+02
   1.1850000e+03   2.0134072e+02
   1.1860000e+03   2.4542314e+02
   1.1870000e+03   2.2673517e+02
   1.1880000e+03   1.5633150e+02
   1.1890000e+03   2.1526780e+02
   1.1900000e+03   2.3681074e+02
   1.1910000e+03   2.2049069e+02
   1.1920000e+03   2.4138888e+02
   1.1930000e+03   2.2359044e+02
   1.1940000e+03   2.4281739e+02
   1.1950000e+03   2.2567972e+02
   1.1960000e+03   2.1145558e+02
   1.1970000e+03   2.4784003e+02
   1.1980000e+03   2.1610053e+02
   1.1990000e+03   1.7373527e+02
   1.2000000e+03   2.2497382e+02
   1.2010000e+03   2.1911515e+02
   1.2020000e+03   2.2283946e+02
   1.2030000e+03   2.2069974e+02
   1.2040000e+03   1.7525177e+02
   1.2050000e+03   2.2704797e+02
   1.2060000e+03   2.4927996e+02
   1.2070000e+03   2.1292196e+02
   1.2080000e+03   2.2051126e+02
   1.2090000e+03   2.1145375e+02
   1.2100000e+03   2.3295316e+02
   1.2110000e+03   2.1577852e+02
   1.2120000e+03   2.1127760e+02
   1.2130000e+03   2.4372773e+02
   1.2140000e+03   2.1718045e+02
   1.2150000e+03   2.1929774e+02
   1.2160000e+03   2.3706680e+02
   1.2170000e+03   2.3500072e+02
   1.2180000e+03   2.4184591e+02
   1.2190000e+03   2.2914509e+02
   1.2200000e+03   2.3975014e+02
   1.2210000e+03   2.4247181e+02
   1.2220000e+03   2.3712413e+02
   1.2230000e+03   2.3176616e+02
   1.2240000e+03   2.2957992e+02
   1.2250000e+03   2.4014810e+02
   1.2260000e+03   2.4795617e+02
   1.2270000e+03   2.2321183e+02
   1.2280000e+03   2.4621089e+02
   1.2290000e+03   2.4641967e+02
   1.2300000e+03   2.3987907e+02
   1.2310000e+03   2.4996835e+02
   1.2320000e+03   2.4684599e+02
   1.2330000e+03   2.3569587e+02
   1.2340000e+03   2.4985783e+02
   1.2350000e+03   2.4561457e+02
   1.2360000e+03   2.4984091e+02
   1.2370000e+03   2.4564351e+02
   1.2380000e+03   2.4903779e+02
   1.2390000e+03   2.4621685e+02
   1.2400000e+03   2.4548596e+02
   1.2410000e+03   2.4513777e+02
   1.2420000e+03   2.4596832e+02
   1.2430000e+03   2.4407475e+02
   1.2440000e+03   2.4013185e+02
   1.2450000e+03   2.4529612e+02
   1.2460000e+03   2.4301809e+02
   1.2470000e+03   2.4160628e+02
   1.2480000e+03   2.4218684e+02
   1.2490000e+03   2.4275028e+02
   1.2500000e+03   2.4088480e+02
   1.2510000e+03   2.3784030e+02
   1.2520000e+03   2.3830187e+02
   1.2530000e+03   2.3468248e+02
   1.2540000e+03   2.3314552e+02
   1.2550000e+03   2.3558751e+02
   1.2560000e+03   2.3014791e+02
   1.2570000e+03   2.2736742e+02
   1.2580000e+03   2.3124784e+02
   1.2590000e+03   2.2228364e+02
   1.2600000e+03   2.2431603e+02
   1.2610000e+03   2.1785803e+02
   1.2620000e+03   2.0596957e+02
   1.2630000e+03   2.0995537e+02
   1.2640000e+03   1.9141066e+02
   1.2650000e+03   2.0306158e+02
   1.2660000e+03   2.0253381e+02
   1.2670000e+03   2.0100712e+02
   1.2680000e+03   1.9330603e+02
   1.2690000e+03   1.3173285e+02
   1.2700000e+03   2.0208419e+02
   1.2710000e+03   2.0967619e+02
   1.2720000e+03   2.1303524e+02
   1.2730000e+03   2.1016228e+02
   1.2740000e+03   2.1298166e+02
   1.2750000e+03   2.1394826e+02
   1.2760000e+03   2.1879525e+02
   1.2770000e+03   2.1740130e+02
   1.2780000e+03   2.2331235e+02
   1.2790000e+03   2.1977887e+02
   1.2800000e+03   2.1810105e+02
   1.2810000e+03   2.1534924e+02
   1.2820000e+03   1.9490299e+02
   1.2830000e+03   2.1276466e+02
   1.2840000e+03   2.2204191e+02
   1.2850000e+03   2.2140875e+02
   1.2860000e+03   2.2642863e+02
   1.2870000e+03   2.2243157e+02
   1.2880000e+03   2.1621772e+02
   1.2890000e+03   2.1258150e+02
   1.2900000e+03   2.1901890e+02
   1.2910000e+03   2.2629994e+02
   1.2920000e+03   2.0694793e+02
   1.2930000e+03   2.1740757e+02
   1.2940000e+03   2.1497703e+02
   1.2950000e+03   2.1457118e+02
   1.2960000e+03   1.9661325e+02
   1.2970000e+03   1.8518023e+02
   1.2980000e+03   2.0510804e+02
   1.2990000e+03   2.2192297e+02
   1.3000000e+03   1.8817668e+02
   1.3010000e+03   1.8209217e+02
   1.3020000e+03   2.0855754e+02
   1.3030000e+03   1.8570890e+02
   1.3040000e+03   1.4277882e+02
   1.3050000e+03   2.0467143e+02
   1.3060000e+03   2.0752028e+02
   1.3070000e+03   1.3925563e+02
   1.3080000e+03   1.8329985e+02
   1.3090000e+03   1.9602601e+02
   1.3100000e+03   1.4308363e+02
   1.3110000e+03   1.6765969e+02
   1.3120000e+03   1.7535489e+02
   1.3130000e+03   1.4936679e+02
   1.3140000e+03   1.3184936e+02
   1.3150000e+03   1.2585670e+02
   1.3160000e+03   1.6731276e+02
   1.3170000e+03   1.4665482e+02
   1.3180000e+03   1.7119647e+02
   1.3190000e+03   1.1766418e+02
   1.3200000e+03   1.1977188e+02
   1.3210000e+03   1.5481982e+02
   1.3220000e+03   1.5674667e+02
   1.3230000e+03   9.8408091e+01
   1.3240000e+03   1.1368746e+02
   1.3250000e+03   1.6465056e+02
   1.3260000e+03   1.3411552e+02
   1.3270000e+03   1.1985544e+02
   1.3280000e+03   1.0943088e+02
   1.3290000e+03   7.4475489e+01
   1.3300000e+03   1.0486245e+02
   1.3310000e+03   4.7176095e+01
   1.3320000e+03   5.3533661e+01
   1.3330000e+03   8.8711641e+01
   1.3340000e+03   7.3318266e+01
   1.3350000e+03   9.5396901e+01
   1.3360000e+03   6.8796023e+01
   1.3370000e+03   8.4165329e+01
   1.3380000e+03   7.0777359e+01
   1.3390000e+03   7.7253324e+01
   1.3400000e+03   6.6783495e+01
   1.3410000e+03   7.1992182e+01
   1.3420000e+03   8.1266744e+01
   1.3430000e+03   5.5810702e+01
   1.3440000e+03   2.5790928e+01
   1.3450000e+03   3.7232762e+01
   1.3460000e+03   1.4092951e+01
   1.3470000e+03   1.3463304e+01
   1.3480000e+03   2.4366542e-01
   1.3490000e+03   1.7255216e+00
   1.3500000e+03   3.3727900e+00
   1.3510000e+03   2.1870705e-01
   1.3520000e+03   1.0197467e-01
   1.3530000e+03   9.3798770e-03
   1.3540000e+03   5.1061338e-03
   1.3550000e+03   0.0000000e+00
   1.3560000e+03   3.1664304e-04
   1.3570000e+03   5.1698694e-04
   1.3580000e+03   0.0000000e+00
   1.3590000e+03   0.0000000e+00
   1.3600000e+03   0.0000000e+00
   1.3610000e+03   0.0000000e+00
   1.3620000e+03   0.0000000e+00
   1.3630000e+03   0.0000000e+00
   1.3640000e+03   0.0000000e+00
   1.3650000e+03   0.0000000e+00
   1.3660000e+03   0.0000000e+00
   1.3670000e+03   0.0000000e+00
   1.3680000e+03   0.0000000e+00
   1.3690000e+03   0.0000000e+00
   1.3700000e+03   0.0000000e+00
   1.3710000e+03   0.0000000e+00
   1.3720000e+03   0.0000000e+00
   1.3730000e+03   0.0000000e+00
   1.3740000e+03   8.8932255e-04
   1.3750000e+03   2.3929093e-03
   1.3760000e+03   4.8554447e-03
   1.3770000e+03   2.7659524e-04
   1.3780000e+03   2.5484659e-02
   1.3790000e+03   0.0000000e+00
   1.3800000e+03   5.3693479e-04
   1.3810000e+03   0.0000000e+00
   1.3820000e+03   0.0000000e+00
   1.3830000e+03   0.0000000e+00
   1.3840000e+03   0.0000000e+00
   1.3850000e+03   0.0000000e+00
   1.3860000e+03   0.0000000e+00
   1.3870000e+03   1.4945883e-03
   1.3880000e+03   0.0000000e+00
   1.3890000e+03   1.3180950e-02
   1.3900000e+03   9.9910077e-03
   1.3910000e+03   1.8460588e-02
   1.3920000e+03   5.9055714e-04
   1.3930000e+03   2.3478503e-03
   1.3940000e+03   8.0709005e-04
   1.3950000e+03   0.0000000e+00
   1.3960000e+03   0.0000000e+00
   1.3970000e+03   6.2987628e-04
   1.3980000e+03   6.6411666e-02
   1.3990000e+03   1.3283704e-02
   1.4000000e+03   0.0000000e+00
   1.4010000e+03   0.0000000e+00
   1.4020000e+03   8.0207116e-02
   1.4030000e+03   1.2780508e-01
   1.4040000e+03   2.0271957e-02
   1.4050000e+03   4.3938519e-05
   1.4060000e+03   7.4598105e-02
   1.4070000e+03   0.0000000e+00
   1.4080000e+03   6.0663713e-02
   1.4090000e+03   3.0096922e-02
   1.4100000e+03   8.0681641e-03
   1.4110000e+03   9.7194351e-02
   1.4120000e+03   2.9164565e-01
   1.4130000e+03   2.7562782e+00
   1.4140000e+03   6.4715824e-03
   1.4150000e+03   4.1535828e-03
   1.4160000e+03   4.7303748e+00
   1.4170000e+03   7.1671271e-01
   1.4180000e+03   1.0996461e+00
   1.4190000e+03   6.4451102e-03
   1.4200000e+03   6.3254681e-01
   1.4210000e+03   1.1711842e+00
   1.4220000e+03   8.7110413e+00
   1.4230000e+03   3.0547981e-01
   1.4240000e+03   2.2477497e+00
   1.4250000e+03   6.4029802e+00
   1.4260000e+03   4.5905639e+00
   1.4270000e+03   1.1403901e+01
   1.4280000e+03   5.3691587e-01
   1.4290000e+03   8.6225754e+00
   1.4300000e+03   1.7018871e+01
   1.4310000e+03   1.4494376e+01
   1.4320000e+03   2.4135532e-01
   1.4330000e+03   1.2847216e+01
   1.4340000e+03   1.7205193e+00
   1.4350000e+03   3.8893932e+00
   1.4360000e+03   1.0326095e+01
   1.4370000e+03   5.5010185e+00
   1.4380000e+03   3.2983852e+00
   1.4390000e+03   1.0128583e+01
   1.4400000e+03   1.3446646e+01
   1.4410000e+03   4.8364241e+00
   1.4420000e+03   5.1184963e+00
   1.4430000e+03   1.0176663e+01
   1.4440000e+03   1.5246320e+01
   1.4450000e+03   1.2231875e+01
   1.4460000e+03   2.7919994e+00
   1.4470000e+03   8.0473339e+00
   1.4480000e+03   4.1031281e+01
   1.4490000e+03   2.6258973e+01
   1.4500000e+03   4.7047567e+00
   1.4510000e+03   1.3303297e+00
   1.4520000e+03   1.3561986e+01
   1.4530000e+03   2.5720154e+01
   1.4540000e+03   5.7225440e+01
   1.4550000e+03   2.1825333e+01
   1.4560000e+03   2.6643490e+01
   1.4570000e+03   4.1883451e+01
   1.4580000e+03   5.2935838e+01
   1.4590000e+03   6.3904553e+01
   1.4600000e+03   2.4098013e+01
   1.4610000e+03   2.8346071e+01
   1.4620000e+03   4.4644030e+01
   1.4630000e+03   1.1581397e+01
   1.4640000e+03   6.4461803e+01
   1.4650000e+03   3.8693028e+01
   1.4660000e+03   1.8287996e+01
   1.4670000e+03   8.9867493e+00
   1.4680000e+03   2.3495543e+01
   1.4690000e+03   3.0520273e+01
   1.4700000e+03   1.0078667e+01
   1.4710000e+03   4.9027944e+00
   1.4720000e+03   1.0095089e+01
   1.4730000e+03   1.8065971e+01
   1.4740000e+03   3.9077581e+01
   1.4750000e+03   7.3041642e+01
   1.4760000e+03   2.2175213e+01
   1.4770000e+03   1.1882145e+01
   1.4780000e+03   2.0500842e+01
   1.4790000e+03   4.9114689e+01
   1.4800000e+03   1.5472290e+01
   1.4810000e+03   4.3614416e+01
   1.4820000e+03   1.9154919e+01
   1.4830000e+03   5.7815758e+01
   1.4840000e+03   5.2487777e+01
   1.4850000e+03   4.3452970e+01
   1.4860000e+03   4.8315103e+01
   1.4870000e+03   1.6927717e+01
   1.4880000e+03   2.9767204e+01
   1.4890000e+03   8.0735391e+01
   1.4900000e+03   6.8671543e+01
   1.4910000e+03   9.2181193e+01
   1.4920000e+03   6.6848622e+01
   1.4930000e+03   7.7533165e+01
   1.4940000e+03   9.0190625e+01
   1.4950000e+03   8.6999790e+01
   1.4960000e+03   8.7578865e+01
   1.4970000e+03   1.1198101e+02
   1.4980000e+03   8.9711675e+01
   1.4990000e+03   1.1072335e+02
   1.5000000e+03   1.2758113e+02
   1.5010000e+03   1.2830105e+02
   1.5020000e+03   1.3140631e+02
   1.5030000e+03   9.1613025e+01
   1.5040000e+03   6.8056828e+01
   1.5050000e+03   9.0872457e+01
   1.5060000e+03   1.3564928e+02
   1.5070000e+03   1.4093020e+02
   1.5080000e+03   1.3053377e+02
   1.5090000e+03   9.0061392e+01
   1.5100000e+03   1.4771466e+02
   1.5110000e+03   1.3863186e+02
   1.5120000e+03   1.3878384e+02
   1.5130000e+03   1.3180002e+02
   1.5140000e+03   1.1434558e+02
   1.5150000e+03   1.4799661e+02
   1.5160000e+03   1.3312145e+02
   1.5170000e+03   1.3041763e+02
   1.5180000e+03   1.3163484e+02
   1.5190000e+03   1.2451021e+02
   1.5200000e+03   1.3663522e+02
   1.5210000e+03   1.5826257e+02
   1.5220000e+03   1.4045659e+02
   1.5230000e+03   1.5437935e+02
   1.5240000e+03   1.5541206e+02
   1.5250000e+03   1.3773362e+02
   1.5260000e+03   1.4404814e+02
   1.5270000e+03   1.3749450e+02
   1.5280000e+03   1.5775191e+02
   1.5290000e+03   1.4993033e+02
   1.5300000e+03   1.3973220e+02
   1.5310000e+03   1.4489702e+02
   1.5320000e+03   1.5865075e+02
   1.5330000e+03   1.5603572e+02
   1.5340000e+03   1.5232748e+02
   1.5350000e+03   1.4726210e+02
   1.5360000e+03   1.5327096e+02
   1.5370000e+03   1.5244665e+02
   1.5380000e+03   1.5426179e+02
   1.5390000e+03   1.5230331e+02
   1.5400000e+03   1.5053536e+02
   1.5410000e+03   1.5221250e+02
   1.5420000e+03   1.5072653e+02
   1.5430000e+03   1.5341948e+02
   1.5440000e+03   1.5002054e+02
   1.5450000e+03   1.5770765e+02
   1.5460000e+03   1.5505270e+02
   1.5470000e+03   1.5576155e+02
   1.5480000e+03   1.5112686e+02
   1.5490000e+03   1.5525383e+02
   1.5500000e+03   1.5387127e+02
   1.5510000e+03   1.5238145e+02
   1.5520000e+03   1.5288835e+02
   1.5530000e+03   1.5538363e+02
   1.5540000e+03   1.4952257e+02
   1.5550000e+03   1.5257940e+02
   1.5560000e+03   1.5004864e+02
   1.5570000e+03   1.5496072e+02
   1.5580000e+03   1.5374037e+02
   1.5590000e+03   1.5317489e+02
   1.5600000e+03   1.5043433e+02
   1.5610000e+03   1.5417879e+02
   1.5620000e+03   1.5370156e+02
   1.5630000e+03   1.5097603e+02
   1.5640000e+03   1.4884987e+02
   1.5650000e+03   1.5252236e+02
   1.5660000e+03   1.4883810e+02
   1.5670000e+03   1.4920573e+02
   1.5680000e+03   1.4563163e+02
   1.5690000e+03   1.4538557e+02
   1.5700000e+03   1.3731886e+02
   1.5710000e+03   1.3406137e+02
   1.5720000e+03   1.3416446e+02
   1.5730000e+03   1.3197661e+02
   1.5740000e+03   1.3870784e+02
   1.5750000e+03   1.3199731e+02
   1.5760000e+03   1.4301560e+02
   1.5770000e+03   1.2139163e+02
   1.5780000e+03   1.3396569e+02
   1.5790000e+03   1.3597387e+02
   1.5800000e+03   1.3918529e+02
   1.5810000e+03   1.4227168e+02
   1.5820000e+03   1.3646916e+02
   1.5830000e+03   1.3944387e+02
   1.5840000e+03   1.4224085e+02
   1.5850000e+03   1.4668835e+02
   1.5860000e+03   1.4455241e+02
   1.5870000e+03   1.4216050e+02
   1.5880000e+03   1.4140018e+02
   1.5890000e+03   1.2994095e+02
   1.5900000e+03   1.3787175e+02
   1.5910000e+03   1.3560704e+02
   1.5920000e+03   1.4192908e+02
   1.5930000e+03   1.4723886e+02
   1.5940000e+03   1.4465508e+02
   1.5950000e+03   1.4719932e+02
   1.5960000e+03   1.3720068e+02
   1.5970000e+03   1.4169556e+02
   1.5980000e+03   1.4521414e+02
   1.5990000e+03   1.3795975e+02
   1.6000000e+03   1.3610286e+02
   1.6010000e+03   1.2892352e+02
   1.6020000e+03   1.2771090e+02
   1.6030000e+03   1.2687804e+02
   1.6040000e+03   1.3002023e+02
   1.6050000e+03   1.3484823e+02
   1.6060000e+03   1.3742045e+02
   1.6070000e+03   1.3433999e+02
   1.6080000e+03   1.3128169e+02
   1.6090000e+03   1.3016845e+02
   1.6100000e+03   1.2386660e+02
   1.6110000e+03   1.2794771e+02
   1.6120000e+03   1.3091449e+02
   1.6130000e+03   1.3554646e+02
   1.6140000e+03   1.3739228e+02
   1.6150000e+03   1.3927742e+02
   1.6160000e+03   1.3107475e+02
   1.6170000e+03   1.3496460e+02
   1.6180000e+03   1.3975590e+02
   1.6190000e+03   1.3882983e+02
   1.6200000e+03   1.3424647e+02
   1.6210000e+03   1.3510529e+02
   1.6220000e+03   1.3706948e+02
   1.6230000e+03   1.4077707e+02
   1.6240000e+03   1.4113495e+02
   1.6250000e+03   1.3721850e+02
   1.6260000e+03   1.3954464e+02
   1.6270000e+03   1.3907648e+02
   1.6280000e+03   1.4004470e+02
   1.6290000e+03   1.4042084e+02
   1.6300000e+03   1.3658330e+02
   1.6310000e+03   1.3799916e+02
   1.6320000e+03   1.3697326e+02
   1.6330000e+03   1.3512498e+02
   1.6340000e+03   1.3327414e+02
   1.6350000e+03   1.3534502e+02
   1.6360000e+03   1.3653529e+02
   1.6370000e+03   1.3065520e+02
   1.6380000e+03   1.2872069e+02
   1.6390000e+03   1.2562722e+02
   1.6400000e+03   1.2334481e+02
   1.6410000e+03   1.2789192e+02
   1.6420000e+03   1.2653896e+02
   1.6430000e+03   1.2708805e+02
   1.6440000e+03   1.3035291e+02
   1.6450000e+03   1.2777307e+02
   1.6460000e+03   1.2471665e+02
   1.6470000e+03   1.3207492e+02
   1.6480000e+03   1.2622613e+02
   1.6490000e+03   1.2786222e+02
   1.6500000e+03   1.3089009e+02
   1.6510000e+03   1.2181159e+02
   1.6520000e+03   1.2820815e+02
   1.6530000e+03   1.2815162e+02
   1.6540000e+03   1.2666581e+02
   1.6550000e+03   1.2860405e+02
   1.6560000e+03   1.2797952e+02
   1.6570000e+03   1.2952203e+02
   1.6580000e+03   1.3064381e+02
   1.6590000e+03   1.2893913e+02
   1.6600000e+03   1.3057049e+02
   1.6610000e+03   1.2914273e+02
   1.6620000e+03   1.2605705e+02
   1.6630000e+03   1.2963279e+02
   1.6640000e+03   1.2725409e+02
   1.6650000e+03   1.2715093e+02
   1.6660000e+03   1.0619445e+02
   1.6670000e+03   1.2429496e+02
   1.6680000e+03   1.2620711e+02
   1.6690000e+03   1.2374091e+02
   1.6700000e+03   1.2923152e+02
   1.6710000e+03   1.2598615e+02
   1.6720000e+03   1.2022400e+02
   1.6730000e+03   1.2539963e+02
   1.6740000e+03   1.2378022e+02
   1.6750000e+03   1.2528970e+02
   1.6760000e+03   1.2063470e+02
   1.6770000e+03   1.2086290e+02
   1.6780000e+03   1.1883570e+02
   1.6790000e+03   1.2355372e+02
   1.6800000e+03   1.1821913e+02
   1.6810000e+03   1.1193077e+02
   1.6820000e+03   1.1759832e+02
   1.6830000e+03   1.2038044e+02
   1.6840000e+03   1.1420399e+02
   1.6850000e+03   1.2396226e+02
   1.6860000e+03   1.2137375e+02
   1.6870000e+03   1.1899630e+02
   1.6880000e+03   1.2268060e+02
   1.6890000e+03   1.1883924e+02
   1.6900000e+03   1.2247610e+02
   1.6910000e+03   1.0442334e+02
   1.6920000e+03   1.1976786e+02
   1.6930000e+03   1.2320746e+02
   1.6940000e+03   1.1710532e+02
   1.6950000e+03   1.2263608e+02
   1.6960000e+03   1.2241705e+02
   1.6970000e+03   9.3686299e+01
   1.6980000e+03   1.2050088e+02
   1.6990000e+03   1.2143237e+02
   1.7000000e+03   1.1364249e+02
   1.7010000e+03   1.0391428e+02
   1.7020000e+03   1.1923908e+02
   1.7030000e+03   1.1471727e+02
   1.7040000e+03   1.1377420e+02
   1.7050000e+03   1.1621527e+02
   1.7060000e+03   1.1351962e+02
   1.7070000e+03   1.0856013e+02
   1.7080000e+03   1.0428643e+02
   1.7090000e+03   9.2401041e+01
   1.7100000e+03   1.1846499e+02
   1.7110000e+03   1.0512934e+02
   1.7120000e+03   1.1669216e+02
   1.7130000e+03   1.1493932e+02
   1.7140000e+03   9.8488060e+01
   1.7150000e+03   1.0597476e+02
   1.7160000e+03   1.0284916e+02
   1.7170000e+03   1.1633425e+02
   1.7180000e+03   1.1409011e+02
   1.7190000e+03   1.1678615e+02
   1.7200000e+03   1.1208193e+02
   1.7210000e+03   8.2651642e+01
   1.7220000e+03   1.1246115e+02
   1.7230000e+03   1.0621710e+02
   1.7240000e+03   7.6049173e+01
   1.7250000e+03   9.5437038e+01
   1.7260000e+03   1.0150114e+02
   1.7270000e+03   1.1104790e+02
   1.7280000e+03   1.0582484e+02
   1.7290000e+03   8.6278971e+01
   1.7300000e+03   1.1241206e+02
   1.7310000e+03   1.1014102e+02
   1.7320000e+03   7.2871830e+01
   1.7330000e+03   8.7809765e+01
   1.7340000e+03   1.0379478e+02
   1.7350000e+03   1.0587777e+02
   1.7360000e+03   7.5363889e+01
   1.7370000e+03   7.3763622e+01
   1.7380000e+03   1.0034898e+02
   1.7390000e+03   1.0468021e+02
   1.7400000e+03   8.1666103e+01
   1.7410000e+03   7.4794766e+01
   1.7420000e+03   8.8308593e+01
   1.7430000e+03   1.0450066e+02
   1.7440000e+03   9.8282433e+01
   1.7450000e+03   8.9106320e+01
   1.7460000e+03   9.7239405e+01
   1.7470000e+03   2.3383252e+01
   1.7480000e+03   9.1699339e+01
   1.7490000e+03   1.0143764e+02
   1.7500000e+03   1.0333762e+02
   1.7510000e+03   8.7228638e+01
   1.7520000e+03   7.5732197e+01
   1.7530000e+03   9.9425206e+01
   1.7540000e+03   1.0320367e+02
   1.7550000e+03   6.7477962e+01
   1.7560000e+03   9.3174939e+01
   1.7570000e+03   5.2690492e+01
   1.7580000e+03   9.2489325e+01
   1.7590000e+03   1.0390189e+02
   1.7600000e+03   1.0138091e+02
   1.7610000e+03   7.9463746e+01
   1.7620000e+03   7.5220710e+01
   1.7630000e+03   6.2648905e+01
   1.7640000e+03   9.6076100e+01
   1.7650000e+03   8.8649905e+01
   1.7660000e+03   3.3029881e+01
   1.7670000e+03   8.3702184e+01
   1.7680000e+03   7.6041515e+01
   1.7690000e+03   8.4974746e+01
   1.7700000e+03   5.7608711e+01
   1.7710000e+03   6.7205390e+01
   1.7720000e+03   8.8207947e+01
   1.7730000e+03   8.2868104e+01
   1.7740000e+03   3.8127033e+01
   1.7750000e+03   6.5761819e+01
   1.7760000e+03   3.2157204e+01
   1.7770000e+03   6.2274594e+01
   1.7780000e+03   5.3875272e+01
   1.7790000e+03   2.4187911e+01
   1.7800000e+03   7.0717808e+01
   1.7810000e+03   3.7733848e+01
   1.7820000e+03   4.9871687e+01
   1.7830000e+03   6.6193883e+01
   1.7840000e+03   3.7182304e+01
   1.7850000e+03   1.8107173e+01
   1.7860000e+03   1.9163622e+01
   1.7870000e+03   3.0451278e+01
   1.7880000e+03   5.9434973e+01
   1.7890000e+03   5.4841601e+01
   1.7900000e+03   6.8680878e+01
   1.7910000e+03   1.5187296e+01
   1.7920000e+03   2.2055002e+01
   1.7930000e+03   1.5530245e+01
   1.7940000e+03   8.8834257e+00
   1.7950000e+03   1.5433015e+01
   1.7960000e+03   1.8789427e+01
   1.7970000e+03   1.4870793e+01
   1.7980000e+03   1.7929323e+01
   1.7990000e+03   3.8645847e+01
   1.8000000e+03   4.9816711e+00
   1.8010000e+03   1.0947138e-01
   1.8020000e+03   3.1654216e-01
   1.8030000e+03   2.8491587e+00
   1.8040000e+03   5.3721981e+00
   1.8050000e+03   1.1053061e+01
   1.8060000e+03   3.8785187e-03
   1.8070000e+03   5.8220588e-01
   1.8080000e+03   4.9904070e+00
   1.8090000e+03   1.6738706e+00
   1.8100000e+03   2.9084785e+00
   1.8110000e+03   3.5611232e-04
   1.8120000e+03   2.0286499e-01
   1.8130000e+03   1.3036788e-02
   1.8140000e+03   1.3400651e+00
   1.8150000e+03   5.0980286e-01
   1.8160000e+03   1.2948924e-03
   1.8170000e+03   2.6712001e-02
   1.8180000e+03   3.1415279e-01
   1.8190000e+03   2.1442563e-02
   1.8200000e+03   5.9078134e-03
   1.8210000e+03   0.0000000e+00
   1.8220000e+03   0.0000000e+00
   1.8230000e+03   8.7270645e-02
   1.8240000e+03   3.1743336e-01
   1.8250000e+03   5.0131895e-03
   1.8260000e+03   0.0000000e+00
   1.8270000e+03   4.1476048e-04
   1.8280000e+03   6.8807348e-05
   1.8290000e+03   0.0000000e+00
   1.8300000e+03   0.0000000e+00
   1.8310000e+03   0.0000000e+00
   1.8320000e+03   0.0000000e+00
   1.8330000e+03   0.0000000e+00
   1.8340000e+03   1.3672660e-04
   1.8350000e+03   0.0000000e+00
   1.8360000e+03   0.0000000e+00
   1.8370000e+03   0.0000000e+00
   1.8380000e+03   0.0000000e+00
   1.8390000e+03   0.0000000e+00
   1.8400000e+03   0.0000000e+00
   1.8410000e+03   0.0000000e+00
   1.8420000e+03   0.0000000e+00
   1.8430000e+03   0.0000000e+00
   1.8440000e+03   0.0000000e+00
   1.8450000e+03   2.6535446e-04
   1.8460000e+03   0.0000000e+00
   1.8470000e+03   0.0000000e+00
   1.8480000e+03   0.0000000e+00
   1.8490000e+03   0.0000000e+00
   1.8500000e+03   0.0000000e+00
   1.8510000e+03   0.0000000e+00
   1.8520000e+03   6.6020576e-05
   1.8530000e+03   0.0000000e+00
   1.8540000e+03   0.0000000e+00
   1.8550000e+03   0.0000000e+00
   1.8560000e+03   0.0000000e+00
   1.8570000e+03   0.0000000e+00
   1.8580000e+03   0.0000000e+00
   1.8590000e+03   0.0000000e+00
   1.8600000e+03   0.0000000e+00
   1.8610000e+03   0.0000000e+00
   1.8620000e+03   3.1627204e-04
   1.8630000e+03   6.3480523e-05
   1.8640000e+03   0.0000000e+00
   1.8650000e+03   0.0000000e+00
   1.8660000e+03   4.7296826e-04
   1.8670000e+03   0.0000000e+00
   1.8680000e+03   0.0000000e+00
   1.8690000e+03   0.0000000e+00
   1.8700000e+03   0.0000000e+00
   1.8710000e+03   0.0000000e+00
   1.8720000e+03   0.0000000e+00
   1.8730000e+03   0.0000000e+00
   1.8740000e+03   0.0000000e+00
   1.8750000e+03   0.0000000e+00
   1.8760000e+03   0.0000000e+00
   1.8770000e+03   0.0000000e+00
   1.8780000e+03   0.0000000e+00
   1.8790000e+03   5.8232242e-04
   1.8800000e+03   1.8818636e-03
   1.8810000e+03   0.0000000e+00
   1.8820000e+03   2.5333235e-03
   1.8830000e+03   3.6536642e-03
   1.8840000e+03   0.0000000e+00
   1.8850000e+03   0.0000000e+00
   1.8860000e+03   3.8203837e-04
   1.8870000e+03   0.0000000e+00
   1.8880000e+03   2.6024737e-02
   1.8890000e+03   8.2606452e-03
   1.8900000e+03   0.0000000e+00
   1.8910000e+03   0.0000000e+00
   1.8920000e+03   0.0000000e+00
   1.8930000e+03   0.0000000e+00
   1.8940000e+03   0.0000000e+00
   1.8950000e+03   1.4832152e-02
   1.8960000e+03   7.1380545e-03
   1.8970000e+03   1.3930306e-03
   1.8980000e+03   0.0000000e+00
   1.8990000e+03   0.0000000e+00
   1.9000000e+03   0.0000000e+00
   1.9010000e+03   0.0000000e+00
   1.9020000e+03   0.0000000e+00
   1.9030000e+03   0.0000000e+00
   1.9040000e+03   0.0000000e+00
   1.9050000e+03   0.0000000e+00
   1.9060000e+03   0.0000000e+00
   1.9070000e+03   0.0000000e+00
   1.9080000e+03   2.3376612e-04
   1.9090000e+03   2.6585984e-04
   1.9100000e+03   4.4308872e-05
   1.9110000e+03   0.0000000e+00
   1.9120000e+03   0.0000000e+00
   1.9130000e+03   0.0000000e+00
   1.9140000e+03   0.0000000e+00
   1.9150000e+03   5.8380728e-05
   1.9160000e+03   5.7854637e-05
   1.9170000e+03   0.0000000e+00
   1.9180000e+03   3.6723458e-02
   1.9190000e+03   6.5885211e-03
   1.9200000e+03   0.0000000e+00
   1.9210000e+03   0.0000000e+00
   1.9220000e+03   7.0254997e-03
   1.9230000e+03   3.0349202e-02
   1.9240000e+03   0.0000000e+00
   1.9250000e+03   8.0387651e-02
   1.9260000e+03   1.3803184e-01
   1.9270000e+03   0.0000000e+00
   1.9280000e+03   4.5109500e-04
   1.9290000e+03   6.7356307e-03
   1.9300000e+03   2.3692021e-02
   1.9310000e+03   0.0000000e+00
   1.9320000e+03   1.4857654e-01
   1.9330000e+03   6.6790875e-02
   1.9340000e+03   0.0000000e+00
   1.9350000e+03   1.6985234e+00
   1.9360000e+03   8.8306832e-02
   1.9370000e+03   9.3131924e-02
   1.9380000e+03   6.0935793e-02
   1.9390000e+03   2.4425308e-02
   1.9400000e+03   2.3616077e-01
   1.9410000e+03   2.2828081e-01
   1.9420000e+03   1.5069948e+00
   1.9430000e+03   6.9119999e+00
   1.9440000e+03   1.8578341e-01
   1.9450000e+03   9.9501692e-03
   1.9460000e+03   1.7066809e+00
   1.9470000e+03   3.6758245e+00
   1.9480000e+03   1.0172587e+00
   1.9490000e+03   1.4943723e+00
   1.9500000e+03   3.2784631e+00
   1.9510000e+03   6.1408180e+00
   1.9520000e+03   1.0976257e+01
   1.9530000e+03   2.7837515e+00
   1.9540000e+03   3.4992733e+00
   1.9550000e+03   2.8294635e+00
   1.9560000e+03   1.8952783e+00
   1.9570000e+03   1.5472482e+00
   1.9580000e+03   2.2981892e+00
   1.9590000e+03   8.4974555e-01
   1.9600000e+03   1.3794934e+01
   1.9610000e+03   3.0107373e+00
   1.9620000e+03   1.2081220e+01
   1.9630000e+03   1.3180114e+00
   1.9640000e+03   9.3562020e+00
   1.9650000e+03   1.1672398e+01
   1.9660000e+03   1.3773443e+01
   1.9670000e+03   2.4355347e+01
   1.9680000e+03   1.3949134e+01
   1.9690000e+03   2.8760976e+01
   1.9700000e+03   4.1876727e+01
   1.9710000e+03   1.6870847e+01
   1.9720000e+03   8.1853844e+00
   1.9730000e+03   3.5818990e+01
   1.9740000e+03   2.1214198e+01
   1.9750000e+03   4.1296760e+01
   1.9760000e+03   2.6352713e+01
   1.9770000e+03   4.8758122e+01
   1.9780000e+03   4.3824423e+01
   1.9790000e+03   4.1324429e+01
   1.9800000e+03   4.1284316e+00
   1.9810000e+03   3.3618893e+01
   1.9820000e+03   5.2281272e+01
   1.9830000e+03   3.4300994e+01
   1.9840000e+03   5.9283230e+01
   1.9850000e+03   4.2811978e+01
   1.9860000e+03   5.3716934e+01
   1.9870000e+03   1.0693873e+01
   1.9880000e+03   4.7733617e+01
   1.9890000e+03   5.7342132e+01
   1.9900000e+03   2.2336005e+01
   1.9910000e+03   4.2903923e+01
   1.9920000e+03   5.4318595e+01
   1.9930000e+03   5.9584802e+01
   1.9940000e+03   4.1640955e+01
   1.9950000e+03   4.6493353e+01
   1.9960000e+03   3.5786470e+01
   1.9970000e+03   2.8089589e+01
   1.9980000e+03   2.1055589e+01
   1.9990000e+03   2.3705147e+01
   2.0000000e+03   2.1017884e+01
   2.0010000e+03   1.1254813e+01
   2.0020000e+03   8.2617229e+00
   2.0030000e+03   7.8996330e+00
   2.0040000e+03   5.4062012e+00
   2.0050000e+03   5.8708671e+00
   2.0060000e+03   6.6905937e+00
   2.0070000e+03   8.2960523e+00
   2.0080000e+03   1.9013102e+01
   2.0090000e+03   3.4073419e+01
   2.0100000e+03   1.8115330e+01
   2.0110000e+03   1.5034073e+01
   2.0120000e+03   1.5147993e+01
   2.0130000e+03   1.0838215e+01
   2.0140000e+03   1.2806771e+01
   2.0150000e+03   1.4762006e+01
   2.0160000e+03   1.4066861e+01
   2.0170000e+03   8.7048511e+00
   2.0180000e+03   1.5358037e+01
   2.0190000e+03   2.2735812e+01
   2.0200000e+03   2.2452621e+01
   2.0210000e+03   1.9298113e+01
   2.0220000e+03   3.4064215e+01
   2.0230000e+03   3.6149655e+01
   2.0240000e+03   3.7825621e+01
   2.0250000e+03   3.5845711e+01
   2.0260000e+03   5.0277101e+01
   2.0270000e+03   4.9856784e+01
   2.0280000e+03   3.9514573e+01
   2.0290000e+03   3.7922870e+01
   2.0300000e+03   5.0068359e+01
   2.0310000e+03   5.0721223e+01
   2.0320000e+03   5.7325198e+01
   2.0330000e+03   4.7343106e+01
   2.0340000e+03   5.7946436e+01
   2.0350000e+03   5.7516757e+01
   2.0360000e+03   6.0240305e+01
   2.0370000e+03   6.0348749e+01
   2.0380000e+03   4.9278679e+01
   2.0390000e+03   5.8976335e+01
   2.0400000e+03   4.1222977e+01
   2.0410000e+03   5.5125762e+01
   2.0420000e+03   5.5700003e+01
   2.0430000e+03   5.3618425e+01
   2.0440000e+03   4.4200760e+01
   2.0450000e+03   5.2744096e+01
   2.0460000e+03   5.6851026e+01
   2.0470000e+03   5.7592149e+01
   2.0480000e+03   4.7027263e+01
   2.0490000e+03   4.4738707e+01
   2.0500000e+03   3.7052338e+01
   2.0510000e+03   4.3308708e+01
   2.0520000e+03   3.1008309e+01
   2.0530000e+03   3.3927761e+01
   2.0540000e+03   2.4519388e+01
   2.0550000e+03   3.0225699e+01
   2.0560000e+03   3.6201642e+01
   2.0570000e+03   3.2359787e+01
   2.0580000e+03   3.5709410e+01
   2.0590000e+03   3.6560805e+01
   2.0600000e+03   5.2518386e+01
   2.0610000e+03   4.1798466e+01
   2.0620000e+03   3.4920676e+01
   2.0630000e+03   3.4226179e+01
   2.0640000e+03   3.3812571e+01
   2.0650000e+03   3.8529876e+01
   2.0660000e+03   3.3519460e+01
   2.0670000e+03   3.4940501e+01
   2.0680000e+03   4.1606344e+01
   2.0690000e+03   3.8712582e+01
   2.0700000e+03   3.3579851e+01
   2.0710000e+03   4.1828829e+01
   2.0720000e+03   4.0021926e+01
   2.0730000e+03   4.3069932e+01
   2.0740000e+03   4.5130046e+01
   2.0750000e+03   4.4057366e+01
   2.0760000e+03   4.9848721e+01
   2.0770000e+03   4.6015052e+01
   2.0780000e+03   3.8900227e+01
   2.0790000e+03   5.4170967e+01
   2.0800000e+03   5.6779358e+01
   2.0810000e+03   5.4959804e+01
   2.0820000e+03   5.3106647e+01
   2.0830000e+03   4.9922940e+01
   2.0840000e+03   5.3003041e+01
   2.0850000e+03   4.5447335e+01
   2.0860000e+03   5.1932760e+01
   2.0870000e+03   5.5614040e+01
   2.0880000e+03   5.5879454e+01
   2.0890000e+03   5.3496768e+01
   2.0900000e+03   5.1442221e+01
   2.0910000e+03   5.6202350e+01
   2.0920000e+03   5.2695865e+01
   2.0930000e+03   5.5498652e+01
   2.0940000e+03   4.6736158e+01
   2.0950000e+03   5.5936261e+01
   2.0960000e+03   5.6057861e+01
   2.0970000e+03   5.6108282e+01
   2.0980000e+03   5.6667413e+01
   2.0990000e+03   4.1137350e+01
   2.1000000e+03   5.3499848e+01
   2.1010000e+03   5.6242947e+01
   2.1020000e+03   4.2619376e+01
   2.1030000e+03   5.7077117e+01
   2.1040000e+03   5.7536055e+01
   2.1050000e+03   5.4856341e+01
   2.1060000e+03   5.7175909e+01
   2.1070000e+03   5.6463639e+01
   2.1080000e+03   5.7202798e+01
   2.1090000e+03   5.6923303e+01
   2.1100000e+03   5.0920389e+01
   2.1110000e+03   5.6185907e+01
   2.1120000e+03   4.6111666e+01
   2.1130000e+03   5.5830422e+01
   2.1140000e+03   5.7012500e+01
   2.1150000e+03   5.5883914e+01
   2.1160000e+03   5.4254548e+01
   2.1170000e+03   5.4867305e+01
   2.1180000e+03   5.4128785e+01
   2.1190000e+03   4.4833111e+01
   2.1200000e+03   4.9679874e+01
   2.1210000e+03   5.5250073e+01
   2.1220000e+03   5.5940950e+01
   2.1230000e+03   5.6129057e+01
   2.1240000e+03   4.9574763e+01
   2.1250000e+03   5.2779852e+01
   2.1260000e+03   5.6075373e+01
   2.1270000e+03   5.4695219e+01
   2.1280000e+03   4.3144534e+01
   2.1290000e+03   5.5880543e+01
   2.1300000e+03   5.5458847e+01
   2.1310000e+03   5.6056892e+01
   2.1320000e+03   5.5963784e+01
   2.1330000e+03   5.5574784e+01
   2.1340000e+03   5.5762605e+01
   2.1350000e+03   5.5572231e+01
   2.1360000e+03   4.7949656e+01
   2.1370000e+03   5.5379776e+01
   2.1380000e+03   5.5311493e+01
   2.1390000e+03   5.4112396e+01
   2.1400000e+03   5.4942453e+01
   2.1410000e+03   5.5183231e+01
   2.1420000e+03   5.4851144e+01
   2.1430000e+03   5.4616517e+01
   2.1440000e+03   5.4747014e+01
   2.1450000e+03   5.3851495e+01
   2.1460000e+03   5.3071530e+01
   2.1470000e+03   5.4185346e+01
   2.1480000e+03   5.2498708e+01
   2.1490000e+03   5.3663569e+01
   2.1500000e+03   5.0974956e+01
   2.1510000e+03   4.7187375e+01
   2.1520000e+03   4.5428307e+01
   2.1530000e+03   4.4702677e+01
   2.1540000e+03   4.9099760e+01
   2.1550000e+03   5.1268707e+01
   2.1560000e+03   5.1999455e+01
   2.1570000e+03   5.2701398e+01
   2.1580000e+03   5.1255136e+01
   2.1590000e+03   4.7241979e+01
   2.1600000e+03   4.9221144e+01
   2.1610000e+03   4.9645307e+01
   2.1620000e+03   5.1387898e+01
   2.1630000e+03   4.7166186e+01
   2.1640000e+03   3.5629097e+01
   2.1650000e+03   4.8943468e+01
   2.1660000e+03   4.2562792e+01
   2.1670000e+03   4.6611148e+01
   2.1680000e+03   4.8861089e+01
   2.1690000e+03   4.1161721e+01
   2.1700000e+03   5.0218977e+01
   2.1710000e+03   5.1553272e+01
   2.1720000e+03   5.0564838e+01
   2.1730000e+03   4.9512381e+01
   2.1740000e+03   4.2049467e+01
   2.1750000e+03   4.8670572e+01
   2.1760000e+03   4.2761810e+01
   2.1770000e+03   5.0442583e+01
   2.1780000e+03   5.0793401e+01
   2.1790000e+03   4.2339229e+01
   2.1800000e+03   4.9460150e+01
   2.1810000e+03   5.0942926e+01
   2.1820000e+03   4.9899470e+01
   2.1830000e+03   3.6022691e+01
   2.1840000e+03   4.7814511e+01
   2.1850000e+03   3.1994942e+01
   2.1860000e+03   5.0364564e+01
   2.1870000e+03   4.5815786e+01
   2.1880000e+03   3.9910660e+01
   2.1890000e+03   4.8206668e+01
   2.1900000e+03   4.8914485e+01
   2.1910000e+03   4.4200560e+01
   2.1920000e+03   5.0568803e+01
   2.1930000e+03   5.0280830e+01
   2.1940000e+03   4.5315585e+01
   2.1950000e+03   4.1820047e+01
   2.1960000e+03   4.7255749e+01
   2.1970000e+03   4.5733477e+01
   2.1980000e+03   3.5914756e+01
   2.1990000e+03   4.3150039e+01
   2.2000000e+03   3.9444432e+01
   2.2010000e+03   4.4680528e+01
   2.2020000e+03   4.5324549e+01
   2.2030000e+03   4.6669795e+01
   2.2040000e+03   4.3847457e+01
   2.2050000e+03   3.8959070e+01
   2.2060000e+03   4.6409351e+01
   2.2070000e+03   4.3457636e+01
   2.2080000e+03   4.5609657e+01
   2.2090000e+03   4.7220318e+01
   2.2100000e+03   4.6452817e+01
   2.2110000e+03   4.8267583e+01
   2.2120000e+03   4.8844125e+01
   2.2130000e+03   4.8459261e+01
   2.2140000e+03   4.7780868e+01
   2.2150000e+03   4.3375830e+01
   2.2160000e+03   4.0690433e+01
   2.2170000e+03   4.6597298e+01
   2.2180000e+03   4.6523712e+01
   2.2190000e+03   4.7929855e+01
   2.2200000e+03   4.6722745e+01
   2.2210000e+03   4.6606551e+01
   2.2220000e+03   4.6121958e+01
   2.2230000e+03   4.6214064e+01
   2.2240000e+03   4.6912337e+01
   2.2250000e+03   4.3720860e+01
   2.2260000e+03   4.4444883e+01
   2.2270000e+03   4.3727543e+01
   2.2280000e+03   4.6390671e+01
   2.2290000e+03   4.6942169e+01
   2.2300000e+03   4.7181672e+01
   2.2310000e+03   4.6329941e+01
   2.2320000e+03   4.3824361e+01
   2.2330000e+03   4.5612644e+01
   2.2340000e+03   4.5243303e+01
   2.2350000e+03   4.6151191e+01
   2.2360000e+03   4.3042635e+01
   2.2370000e+03   4.5127992e+01
   2.2380000e+03   4.3723759e+01
   2.2390000e+03   4.5328919e+01
   2.2400000e+03   4.4237474e+01
   2.2410000e+03   4.5220591e+01
   2.2420000e+03   4.4779230e+01
   2.2430000e+03   4.4080678e+01
   2.2440000e+03   4.0806751e+01
   2.2450000e+03   4.5922028e+01
   2.2460000e+03   4.3439850e+01
   2.2470000e+03   3.9572086e+01
   2.2480000e+03   4.3552091e+01
   2.2490000e+03   4.4942241e+01
   2.2500000e+03   4.3741016e+01
   2.2510000e+03   4.3262822e+01
   2.2520000e+03   4.3655868e+01
   2.2530000e+03   4.3637813e+01
   2.2540000e+03   4.0199289e+01
   2.2550000e+03   4.2777997e+01
   2.2560000e+03   4.2016354e+01
   2.2570000e+03   3.9501880e+01
   2.2580000e+03   4.2143313e+01
   2.2590000e+03   4.4122726e+01
   2.2600000e+03   4.2673560e+01
   2.2610000e+03   3.9795842e+01
   2.2620000e+03   3.6265186e+01
   2.2630000e+03   4.2231571e+01
   2.2640000e+03   3.9638860e+01
   2.2650000e+03   3.8846256e+01
   2.2660000e+03   4.3337390e+01
   2.2670000e+03   4.3406187e+01
   2.2680000e+03   3.9342260e+01
   2.2690000e+03   3.5281691e+01
   2.2700000e+03   4.1562544e+01
   2.2710000e+03   4.1820186e+01
   2.2720000e+03   3.9404484e+01
   2.2730000e+03   4.1853638e+01
   2.2740000e+03   4.2546669e+01
   2.2750000e+03   3.7922343e+01
   2.2760000e+03   3.5496552e+01
   2.2770000e+03   3.9983194e+01
   2.2780000e+03   4.2239926e+01
   2.2790000e+03   4.2912653e+01
   2.2800000e+03   4.3068639e+01
   2.2810000e+03   3.8193493e+01
   2.2820000e+03   3.9585921e+01
   2.2830000e+03   3.3725259e+01
   2.2840000e+03   3.7411906e+01
   2.2850000e+03   3.8824398e+01
   2.2860000e+03   4.1851777e+01
   2.2870000e+03   4.0967076e+01
   2.2880000e+03   4.0627370e+01
   2.2890000e+03   3.8965855e+01
   2.2900000e+03   3.4983746e+01
   2.2910000e+03   3.7349525e+01
   2.2920000e+03   3.5407682e+01
   2.2930000e+03   3.8216357e+01
   2.2940000e+03   3.7135710e+01
   2.2950000e+03   3.2862685e+01
   2.2960000e+03   3.1556139e+01
   2.2970000e+03   3.8453233e+01
   2.2980000e+03   3.5442182e+01
   2.2990000e+03   3.5638547e+01
   2.3000000e+03   3.5804872e+01
   2.3010000e+03   3.7134736e+01
   2.3020000e+03   3.7706605e+01
   2.3030000e+03   3.8095418e+01
   2.3040000e+03   3.5055193e+01
   2.3050000e+03   3.5772621e+01
   2.3060000e+03   3.8166376e+01
   2.3070000e+03   3.5741659e+01
   2.3080000e+03   3.8906347e+01
   2.3090000e+03   3.7237536e+01
   2.3100000e+03   3.8542943e+01
   2.3110000e+03   4.0648761e+01
   2.3120000e+03   3.8069804e+01
   2.3130000e+03   4.1231326e+01
   2.3140000e+03   4.0986212e+01
   2.3150000e+03   3.8798243e+01
   2.3160000e+03   3.0658472e+01
   2.3170000e+03   2.4160704e+01
   2.3180000e+03   2.4387022e+01
   2.3190000e+03   3.2720926e+01
   2.3200000e+03   3.4513613e+01
   2.3210000e+03   3.6184094e+01
   2.3220000e+03   2.7206315e+01
   2.3230000e+03   2.5663304e+01
   2.3240000e+03   3.1791897e+01
   2.3250000e+03   3.7727370e+01
   2.3260000e+03   3.5101619e+01
   2.3270000e+03   3.7265264e+01
   2.3280000e+03   3.3913987e+01
   2.3290000e+03   3.5929109e+01
   2.3300000e+03   3.7264631e+01
   2.3310000e+03   3.2207285e+01
   2.3320000e+03   3.2911721e+01
   2.3330000e+03   3.6960310e+01
   2.3340000e+03   3.5699337e+01
   2.3350000e+03   3.2142870e+01
   2.3360000e+03   3.5341497e+01
   2.3370000e+03   3.7212645e+01
   2.3380000e+03   3.4600617e+01
   2.3390000e+03   2.9328317e+01
   2.3400000e+03   2.2175188e+01
   2.3410000e+03   2.6799617e+01
   2.3420000e+03   2.6749417e+01
   2.3430000e+03   3.4575597e+01
   2.3440000e+03   3.3681554e+01
   2.3450000e+03   2.6647336e+01
   2.3460000e+03   3.2099019e+01
   2.3470000e+03   2.7884186e+01
   2.3480000e+03   2.7011549e+01
   2.3490000e+03   3.2118572e+01
   2.3500000e+03   2.5084858e+01
   2.3510000e+03   2.4331643e+01
   2.3520000e+03   1.0377440e+01
   2.3530000e+03   2.5122027e+01
   2.3540000e+03   3.3288422e+01
   2.3550000e+03   3.1716561e+01
   2.3560000e+03   2.7423470e+01
   2.3570000e+03   2.7055583e+01
   2.3580000e+03   2.3879700e+01
   2.3590000e+03   2.7972313e+01
   2.3600000e+03   3.5211340e+01
   2.3610000e+03   3.4793052e+01
   2.3620000e+03   3.1234306e+01
   2.3630000e+03   3.3601904e+01
   2.3640000e+03   2.1159496e+01
   2.3650000e+03   3.2269466e+01
   2.3660000e+03   3.3593933e+01
   2.3670000e+03   2.3810146e+01
   2.3680000e+03   2.9133829e+01
   2.3690000e+03   1.9728095e+01
   2.3700000e+03   2.2419112e+01
   2.3710000e+03   6.6086782e+00
   2.3720000e+03   2.0642274e+01
   2.3730000e+03   2.3633223e+01
   2.3740000e+03   2.9123436e+01
   2.3750000e+03   3.0511589e+01
   2.3760000e+03   2.0689733e+01
   2.3770000e+03   2.1200447e+01
   2.3780000e+03   1.3891233e+01
   2.3790000e+03   2.4111683e+01
   2.3800000e+03   2.2321761e+01
   2.3810000e+03   2.1274570e+01
   2.3820000e+03   3.0900023e+01
   2.3830000e+03   1.5135815e+01
   2.3840000e+03   8.1469516e+00
   2.3850000e+03   2.4476440e+01
   2.3860000e+03   7.7573704e+00
   2.3870000e+03   2.3447213e+01
   2.3880000e+03   1.4354895e+01
   2.3890000e+03   2.7753447e+01
   2.3900000e+03   2.5942557e+01
   2.3910000e+03   1.9549068e+01
   2.3920000e+03   1.6092141e+01
   2.3930000e+03   2.7586236e+01
   2.3940000e+03   2.7587127e+01
   2.3950000e+03   2.4706461e+01
   2.3960000e+03   2.3426819e+01
   2.3970000e+03   6.6376482e+00
   2.3980000e+03   1.9891397e+01
   2.3990000e+03   2.7868781e+01
   2.4000000e+03   1.9531189e+01
   2.5000000e+03   2.8261068e+00
   2.6000000e+03   0.0000000e+00
   2.7000000e+03   0.0000000e+00
   2.8000000e+03   7.7621646e-05
   2.9000000e+03   3.6016078e-01
   3.0000000e+03   2.2403691e+00
   3.1000000e+03   1.7459966e+00
   3.2000000e+03   3.1305499e+00
   3.3000000e+03   2.7232211e+00
   3.4000000e+03   7.0440386e+00
   3.5000000e+03   9.8289786e+00
   3.6000000e+03   8.8170872e+00
   3.7000000e+03   8.1752203e+00
   3.8000000e+03   7.6833983e+00
   3.9000000e+03   6.6301498e+00
   4.0000000e+03   6.2732079e+00
   4.1000000e+03   4.1710307e+00
   4.2000000e+03   6.9692543e-01
   4.3000000e+03   0.0000000e+00
   4.4000000e+03   5.3588029e-04
   4.5000000e+03   2.2213918e-01
   4.6000000e+03   1.7574279e+00
   4.7000000e+03   1.8544208e+00
   4.8000000e+03   1.1078565e+00
   4.9000000e+03   1.0714190e+00
   5.0000000e+03   4.7624966e-01
   5.1000000e+03   2.8225383e-01
   5.2000000e+03   3.2721928e-02
   5.3000000e+03   5.5846909e-03
   5.4000000e+03   4.1773033e-05
   5.5000000e+03   6.6812468e-08
   5.6000000e+03   0.0000000e+00
   5.7000000e+03   0.0000000e+00
   5.8000000e+03   0.0000000e+00
   5.9000000e+03   0.0000000e+00
   6.0000000e+03   0.0000000e+00
   6.1000000e+03   0.0000000e+00
   6.2000000e+03   0.0000000e+00
   6.3000000e+03   0.0000000e+00
   6.4000000e+03   0.0000000e+00
   6.5000000e+03   0.0000000e+00
   6.6000000e+03   0.0000000e+00
   6.7000000e+03   0.0000000e+00
   6.8000000e+03   0.0000000e+00
   6.9000000e+03   0.0000000e+00
   7.0000000e+03   0.0000000e+00
   7.1000000e+03   0.0000000e+00
   7.2000000e+03   8.5737102e-08
   7.3000000e+03   4.0619537e-08
   7.4000000e+03   2.9250208e-04
   7.5000000e+03   4.8869548e-03
   7.6000000e+03   1.1176000e-03
   7.7000000e+03   1.6853987e-02
   7.8000000e+03   3.4507416e-02
   7.9000000e+03   1.2894700e-02
   8.0000000e+03   1.1857831e-01
   8.1000000e+03   2.6075585e-01
   8.2000000e+03   1.6946213e-01
   8.3000000e+03   2.4691634e-01
   8.4000000e+03   2.4694089e-01
   8.5000000e+03   2.3199224e-01
   8.6000000e+03   2.6478415e-01
   8.7000000e+03   2.4943946e-01
   8.8000000e+03   2.1866389e-01
   8.9000000e+03   2.4280065e-01
   9.0000000e+03   2.2616398e-01
   9.1000000e+03   2.2992535e-01
   9.2000000e+03   2.1475517e-01
   9.3000000e+03   1.9555299e-01
   9.4000000e+03   9.2247320e-02
   9.5000000e+03   3.2901895e-02
   9.6000000e+03   6.9134127e-02
   9.7000000e+03   5.2242151e-02
   9.8000000e+03   6.0951142e-02
   9.9000000e+03   8.5942613e-02
   1.0000000e+04   1.2542677e-01
   1.0100000e+04   1.5215505e-01
   1.0200000e+04   1.4045590e-01
   1.0300000e+04   1.3113264e-01
   1.0400000e+04   1.3701241e-01
   1.0500000e+04   1.1581149e-01
   1.0600000e+04   1.2070014e-01
   1.0700000e+04   1.2085029e-01
   1.0800000e+04   1.0465472e-01
   1.0900000e+04   1.0693941e-01
   1.1000000e+04   9.3866547e-02
   1.1100000e+04   1.0121421e-01
   1.1200000e+04   9.1644068e-02
   1.1300000e+04   7.8590172e-02
   1.1400000e+04   8.3632388e-02
   1.1500000e+04   7.8263145e-02
   1.1600000e+04   7.4979318e-02
   1.1700000e+04   5.6827208e-02
   1.1800000e+04   6.8412687e-02
   1.1900000e+04   6.1310309e-02
   1.2000000e+04   6.5959161e-02
   1.2100000e+04   5.2550683e-02
   1.2200000e+04   6.0519014e-02
   1.2300000e+04   4.7321614e-02
   1.2400000e+04   3.9727844e-02
   1.2500000e+04   2.6467019e-02
   1.2600000e+04   2.3213073e-02
   1.2700000e+04   4.0611344e-02
   1.2800000e+04   3.1169158e-02
   1.2900000e+04   2.6819335e-02
   1.3000000e+04   2.7534899e-02
   1.3100000e+04   2.9680835e-02
   1.3200000e+04   1.7368167e-02
   1.3300000e+04   8.3114558e-03
   1.3400000e+04   6.0394685e-03
   1.3500000e+04   1.9845697e-03
   1.3600000e+04   2.6192893e-03
   1.3700000e+04   1.4623100e-03
   1.3800000e+04   3.1254779e-03
   1.3900000e+04   1.5405328e-04
   1.4000000e+04   3.8885259e-04
   1.4100000e+04   4.1300206e-05
   1.4200000e+04   7.8201907e-08
   1.4300000e+04   0.0000000e+00
   1.4400000e+04   0.0000000e+00
   1.4500000e+04   0.0000000e+00
   1.4600000e+04   0.0000000e+00
   1.4700000e+04   0.0000000e+00
   1.4800000e+04   0.0000000e+00
   1.4900000e+04   0.0000000e+00
   1.5000000e+04   0.0000000e+00
   1.6000000e+04   3.0446828e-05
   1.7000000e+04   5.7746103e-05
   1.8000000e+04   8.0582356e-05
   1.9000000e+04   2.4356784e-05
   2.0000000e+04   1.8925620e-06
   2.1000000e+04   1.4650463e-07
   2.2000000e+04   1.0327118e-08
   2.3000000e+04   0.0000000e+00
   2.4000000e+04   0.0000000e+00
   2.5000000e+04   0.0000000e+00
   2.6000000e+04   0.0000000e+00
   2.7000000e+04   0.0000000e+00
   2.8000000e+04   0.0000000e+00
   2.9000000e+04   0.0000000e+00
   3.0000000e+04   0.0000000e+00
   3.1000000e+04   0.0000000e+00
   3.2000000e+04   0.0000000e+00
   3.3000000e+04   0.0000000e+00
   3.4000000e+04   0.0000000e+00
   3.5000000e+04   0.0000000e+00
   3.6000000e+04   0.0000000e+00
   3.7000000e+04   0.0000000e+00
   3.8000000e+04   0.0000000e+00
   3.9000000e+04   0.0000000e+00
   4.0000000e+04   0.0000000e+00
   4.1000000e+04   0.0000000e+00
   4.2000000e+04   0.0000000e+00
   4.3000000e+04   0.0000000e+00
   4.4000000e+04   0.0000000e+00
   4.5000000e+04   0.0000000e+00
   4.6000000e+04   0.0000000e+00
   4.7000000e+04   0.0000000e+00
   4.8000000e+04   0.0000000e+00
   4.9000000e+04   0.0000000e+00
   5.0000000e+04   0.0000000e+00
