   0.078378164	0.053188945	0.066741561
   0.078832894	0.050978936	0.068619805
   0.079841692	0.054047808	0.069273686
   0.082183847	0.05652651	0.071325175
   0.082311196	0.055106599	0.06944298
   0.080850505	0.04950348	0.060471568
   0.079283217	0.050998123	0.061432105
   0.080683272	0.054439506	0.065437317
   0.082893189	0.058477911	0.069219613
   0.080851964	0.05411643	0.066869906
   0.078292498	0.052506428	0.06821418
   0.077093159	0.052420263	0.072724622
   0.074065497	0.052088051	0.069960191
   0.075543563	0.053919308	0.067213606
   0.080121394	0.056848701	0.065707022
   0.084091997	0.056002751	0.064339575
   0.082842525	0.050636644	0.067117163
   0.07957519	0.051212808	0.066760144
   0.076525156	0.0554383	0.063701868
   0.078174544	0.053920188	0.063328039
   0.075984719	0.053416983	0.064729462
   0.073544473	0.054070325	0.066161886
   0.075410504	0.055407347	0.066120793
   0.077821112	0.0531387	0.065866826
   0.080052841	0.051915767	0.067925252
   0.080882392	0.052811988	0.071560775
   0.078143785	0.053813291	0.069196295
   0.078677604	0.054253159	0.067511031
   0.080993996	0.055514835	0.066987038
   0.080584349	0.055655345	0.065181123
   0.079747868	0.053756031	0.066127318
   0.077093347	0.052608082	0.06787175
   0.074621102	0.054239046	0.068231358
   0.075591123	0.05247943	0.068062734
   0.075768272	0.051553888	0.068546548
   0.074538005	0.053750213	0.06914314
   0.078046304	0.055977183	0.069075626
   0.079626346	0.05507404	0.068291777
   0.079498259	0.052148878	0.068332655
   0.079723335	0.055335654	0.069115785
   0.080730838	0.05630482	0.069294353
   0.080663139	0.055909785	0.068943859
   0.07637612	0.056543249	0.069298741
   0.077039303	0.057343764	0.070998639
   0.079851721	0.056529933	0.071897006
   0.079464453	0.055534247	0.072850966
   0.078560679	0.05816588	0.073446529
   0.079990929	0.059696844	0.073592411
   0.080230106	0.05972423	0.073569994
   0.081919391	0.060663648	0.073409988
   0.082682768	0.062183345	0.074803462
   0.082539793	0.06286426	0.076916774
   0.084962338	0.063600564	0.07593233
   0.085007237	0.06533079	0.078470371
   0.084197359	0.06708042	0.08190881
   0.084219655	0.068752937	0.082776814
   0.087360943	0.072019458	0.082754926
   0.089843962	0.074555991	0.084377159
   0.089948073	0.076239912	0.089487045
   0.091403454	0.077547894	0.090872469
   0.092860139	0.079152711	0.09198693
   0.0951591	0.080869521	0.09371292
   0.09921904	0.086000278	0.09712633
   0.100874543	0.08842895	0.099652267
   0.101740885	0.090810003	0.102214521
   0.104344548	0.094050511	0.10487453
   0.106391194	0.09901263	0.109074643
   0.108245853	0.102356346	0.112445738
   0.111624971	0.103166344	0.115014949
   0.115392493	0.107807649	0.11796324
   0.11696498	0.111415754	0.120949866
   0.11682864	0.113759575	0.124330964
   0.120305927	0.115479034	0.127155942
   0.123490975	0.118771096	0.130648242
   0.125596254	0.121953098	0.134859487
   0.127175642	0.125578853	0.136387596
   0.130370587	0.128784826	0.138854908
   0.132845987	0.130317539	0.141047871
   0.13452964	0.131390411	0.143343448
   0.135448892	0.133965118	0.144294898
   0.136204844	0.13649075	0.145225072
   0.136879358	0.137267113	0.148012268
   0.138435673	0.137939437	0.149466349
   0.139357901	0.138836009	0.150306764
   0.1395554	0.14016589	0.150303392
   0.141806235	0.140557148	0.150980065
   0.141168741	0.141405167	0.152796315
   0.140504358	0.142053684	0.153761071
   0.140578962	0.142328378	0.152301533
   0.141986817	0.142396012	0.154323787
   0.141934174	0.143301055	0.155631946
   0.14285264	0.144212402	0.154731978
   0.143674892	0.145015769	0.155614343
   0.143767933	0.144924273	0.154902455
   0.143923627	0.144519582	0.15503111
   0.142828085	0.14509447	0.155130695
   0.142719493	0.145003417	0.155202254
   0.143495716	0.145795843	0.156057024
   0.143617519	0.146628701	0.156857181
   0.143633805	0.146569911	0.156959964
   0.144538553	0.146754327	0.156835009
   0.143739852	0.14675859	0.155277415
   0.143726712	0.146806568	0.156003818
   0.143714586	0.146739627	0.155868776
   0.142205026	0.145088046	0.156079502
   0.1428555	0.14583185	0.155737848
   0.142081447	0.14511864	0.154342887
   0.142003842	0.143598201	0.154642888
   0.141206361	0.143530451	0.151854981
   0.139818527	0.142764333	0.150965001
   0.138394566	0.141285153	0.150043277
   0.138242225	0.14025203	0.148608831
   0.13585304	0.137834428	0.147628759
   0.134838148	0.136170584	0.145955275
   0.132994535	0.13457394	0.144145376
   0.133183963	0.132817777	0.141791396
   0.131025452	0.131952458	0.140077585
   0.128614427	0.130443211	0.138328381
   0.126808956	0.127768655	0.135889962
   0.125255398	0.125183796	0.134082483
   0.123753444	0.122591676	0.131476731
   0.122143193	0.121242595	0.128862987
   0.120239564	0.120328232	0.127101865
   0.118799482	0.117796692	0.126064952
   0.117971946	0.116866294	0.124347162
   0.116299694	0.114218532	0.122747423
   0.114566778	0.113405864	0.120889443
   0.112925774	0.11242013	0.118742001
   0.11199216	0.109934255	0.117719744
   0.111110531	0.108570008	0.117524608
   0.111025831	0.10714783	0.115663422
   0.110582851	0.106078396	0.113856567
   0.108415889	0.105221195	0.112231737
   0.106670671	0.104221704	0.111342321
   0.106544393	0.104156886	0.111321024
   0.1057052	0.101863019	0.110511007
   0.105873234	0.101276166	0.110036983
   0.10547755	0.10047206	0.109377819
   0.10369419	0.099617455	0.107941289
   0.103585487	0.09899667	0.10726742
   0.102814052	0.098376718	0.106806668
   0.103117007	0.097416179	0.106531401
   0.101987334	0.096507633	0.105712701
   0.101393401	0.096548963	0.105521607
   0.10090436	0.095703485	0.104636485
   0.101406536	0.095604851	0.103652671
   0.10150433	0.095418508	0.102584849
   0.100879353	0.095515353	0.10223337
   0.100051875	0.095629008	0.103040137
   0.099898363	0.094941417	0.101503824
   0.100728565	0.094318158	0.100576504
   0.099919535	0.093756825	0.100657947
   0.09989173	0.093814662	0.100928012
   0.099828909	0.092596312	0.10116519
   0.098847019	0.0922533	0.09964885
   0.098752711	0.091400762	0.09864388
   0.098762456	0.090578359	0.097874418
   0.09654337	0.088867108	0.097821767
   0.096614221	0.088900646	0.096560308
   0.096221557	0.088126444	0.095302078
   0.095402891	0.087427697	0.09453258
   0.095533966	0.087363333	0.094539547
   0.094777698	0.086602159	0.094386631
   0.093263188	0.084973989	0.093638948
   0.093248449	0.083991102	0.092505627
   0.092403762	0.08308848	0.09258429
   0.091638054	0.082112901	0.091855646
   0.092023232	0.081247523	0.090209115
   0.090845432	0.081129459	0.089445584
   0.089844844	0.080180719	0.08958698
   0.088542701	0.079317133	0.089636915
   0.088438663	0.078336273	0.088840292
   0.088939585	0.078210046	0.087875931
   0.088210716	0.078198337	0.087701375
   0.088117072	0.078109523	0.086565061
   0.087396374	0.077213256	0.086318341
   0.087459367	0.077079037	0.08610867
   0.088228151	0.077082046	0.085914685
   0.087430066	0.076778259	0.08575039
   0.086425787	0.076454992	0.085630701
   0.086734583	0.076170471	0.085568182
   0.087233235	0.076970066	0.084735297
   0.087611811	0.076877216	0.084678715
   0.086821248	0.07610178	0.084743592
   0.086834981	0.075284959	0.083852997
   0.086004723	0.075279402	0.083629398
   0.085138929	0.07444911	0.083952654
   0.084831186	0.072797603	0.082543012
   0.084250522	0.071124422	0.08060768
   0.083549334	0.070319036	0.080091709
   0.082771687	0.070282704	0.079480998
   0.082642485	0.069441145	0.078015104
   0.080931405	0.067766511	0.076205671
   0.080223485	0.066109324	0.075311041
   0.079441548	0.064041465	0.075290818
   0.078556164	0.06326571	0.07444857
   0.078573548	0.062718885	0.072710231
   0.077752327	0.061487166	0.072601007
   0.077743282	0.060218264	0.071135574
   0.076938445	0.060208138	0.071077757
   0.076947432	0.060092936	0.071037594
   0.076891547	0.059377595	0.070513231
   0.077119768	0.058172957	0.069277819
   0.076043356	0.057809184	0.070082933
   0.076043356	0.058617654	0.070062054
   0.075354791	0.057802861	0.070056403
   0.075319325	0.057777589	0.068437629
   0.075336598	0.056839133	0.068460905
   0.075253131	0.05602272	0.068498865
   0.074681906	0.054441105	0.067602365
   0.074499336	0.054540929	0.067528704
   0.074450698	0.05422992	0.066672276
   0.074459218	0.052538163	0.066542519
   0.074005076	0.053345845	0.066523497
   0.073667056	0.052509044	0.066525115
   0.073731558	0.051728471	0.065684718
   0.073579588	0.050953972	0.064838342
   0.073601708	0.05099979	0.064858245
   0.073686956	0.050839005	0.064827033
   0.073627834	0.050852409	0.064786913
   0.07365576	0.050842097	0.065675182
   0.074454608	0.050839521	0.065681141
   0.074581516	0.051540371	0.065098439
   0.074454608	0.051652649	0.065822695
   0.074453258	0.05083849	0.067390977
   0.07532738	0.052159863	0.067382733
   0.076345955	0.052543067	0.068199846
   0.076794052	0.053267887	0.069052392
   0.076843767	0.053386916	0.069430809
   0.077658677	0.054219591	0.069960129
   0.078465017	0.055059051	0.071125598
   0.079262917	0.055898583	0.072246651
   0.080131709	0.056728936	0.073385364
   0.080923877	0.057185863	0.073416515
   0.081171218	0.059236978	0.075894284
   0.083203482	0.060931772	0.076987941
   0.0840558	0.062252002	0.078620657
   0.084880888	0.06425497	0.080006295
   0.085636395	0.066701245	0.082066808
   0.088175625	0.069334204	0.084641354
   0.090606314	0.07352545	0.088021931
   0.093028519	0.077732108	0.091511483
   0.096341856	0.082755518	0.095972202
   0.101281808	0.088620419	0.10203146
   0.105322456	0.095429475	0.107237357
   0.110159715	0.102033031	0.114001385
   0.115841693	0.109415468	0.120895101
   0.121535044	0.116986913	0.127935301
   0.128045825	0.125409643	0.136431494
   0.135230726	0.132874144	0.144308703
   0.142534322	0.141273716	0.152971338
   0.149188983	0.149681796	0.163255249
   0.157970628	0.158070225	0.171139031
   0.164744266	0.165633482	0.180596947
   0.17194425	0.174038481	0.189341989
   0.180011272	0.182500936	0.198033455
   0.187945006	0.189944801	0.207387852
   0.195416207	0.19671585	0.216907024
   0.202722596	0.204414486	0.224659822
   0.209942931	0.211087071	0.232322106
   0.216801782	0.217035728	0.240091696
   0.223619085	0.223082708	0.248868055
   0.2300255	0.229644114	0.255532204
   0.236498037	0.235698977	0.262262381
   0.241708433	0.240759716	0.270129223
   0.248269669	0.246726067	0.277687484
   0.254202214	0.25174619	0.28399285
   0.259715215	0.256983213	0.290050579
   0.265952248	0.261752017	0.296712094
   0.27080586	0.266060992	0.302874868
   0.275890753	0.2711731	0.308193853
   0.280791858	0.275990298	0.314451747
   0.285604444	0.280141086	0.318981795
   0.290571759	0.283828355	0.324246154
   0.294838833	0.287991428	0.32942482
   0.298883084	0.291309872	0.333741485
   0.303067123	0.295527503	0.338113763
   0.307247741	0.298209957	0.342479643
   0.309791848	0.30169313	0.346203272
   0.313857978	0.304087286	0.350969506
   0.317141345	0.307366711	0.353850378
   0.319686278	0.309811785	0.357480315
   0.32286897	0.31246616	0.361134776
   0.326005613	0.314416891	0.363746253
   0.327887198	0.316231899	0.367094922
   0.329924432	0.318306791	0.369561525
   0.332679195	0.320978609	0.37226929
   0.334324461	0.322705142	0.373461026
   0.336132937	0.323745784	0.376076659
   0.338560981	0.325478856	0.377825923
   0.34004957	0.326464157	0.379524493
   0.342260997	0.328723762	0.381244915
   0.343327915	0.329662088	0.383142184
   0.344632205	0.330895208	0.384067233
   0.346213161	0.332081311	0.385952986
   0.34684138	0.332830931	0.3869027
   0.34776645	0.3336621	0.387724066
   0.348375807	0.334683487	0.388693238
   0.34911828	0.335278064	0.390303899
   0.350085531	0.335367775	0.390537596
   0.350764266	0.336245435	0.391362766
   0.351192603	0.337038602	0.392124899
   0.351721369	0.338005829	0.392228265
   0.352368492	0.337824532	0.392291158
   0.352529484	0.33822626	0.39314289
   0.35306774	0.338374579	0.393047405
   0.353203019	0.338396564	0.393622395
   0.353595845	0.338629077	0.394487357
   0.353445701	0.339146414	0.394454784
   0.353598897	0.338330618	0.394329
   0.353731886	0.338385571	0.393691185
   0.354404906	0.338367525	0.394804535
   0.354622033	0.338483035	0.394770986
   0.354775305	0.338416104	0.394851148
   0.354766941	0.338411519	0.39444985
   0.354884074	0.337660969	0.394453446
   0.354764153	0.33846928	0.394204382
   0.35407943	0.338584864	0.394376832
   0.354811553	0.338480284	0.394956522
   0.35412214	0.338037308	0.394199304
   0.354216057	0.337932894	0.394246047
   0.355030457	0.337353016	0.39371843
   0.354375798	0.338081412	0.393554958
   0.354264252	0.338188762	0.394239422
   0.354692764	0.337704224	0.393371641
   0.354508854	0.337976885	0.393571633
   0.354451997	0.337335033	0.394200934
   0.354455947	0.338148764	0.394278617
   0.35386652	0.338247948	0.394297815
   0.353754879	0.337385544	0.393564848
   0.354230586	0.337969409	0.393314774
   0.35420644	0.337804374	0.393206484
   0.354059094	0.337790132	0.39354978
   0.354053536	0.338607354	0.393699118
   0.354161944	0.338337606	0.393709979
   0.35482043	0.338616506	0.393082003
   0.354845716	0.338702113	0.392732624
   0.353918201	0.338920736	0.39382184
   0.353911877	0.33851704	0.392949245
   0.354497795	0.338508754	0.393109374
   0.354712865	0.338555714	0.393157638
   0.354685024	0.338688381	0.393189489
   0.35383766	0.338844427	0.39324996
   0.354643271	0.338710503	0.393326433
   0.354668321	0.338929122	0.393351444
   0.354712865	0.338796254	0.393002172
   0.354109988	0.338673457	0.393582718
   0.354290858	0.338732839	0.392997105
   0.354243535	0.33872661	0.393495258
   0.354416966	0.338208237	0.392864975
   0.354853257	0.338225664	0.393073453
   0.354920023	0.338278499	0.39308404
   0.35438659	0.338628388	0.392958585
   0.354333643	0.338737093	0.392903101
   0.354204572	0.338731559	0.393811884
   0.354077508	0.337660438	0.393754095
   0.354155421	0.3376149	0.393122515
   0.354553652	0.337772689	0.392981995
   0.354229416	0.337678335	0.392706128
   0.354311355	0.337375265	0.393065676
   0.353515638	0.337389028	0.393105755
   0.354344788	0.33741809	0.393292904
   0.354265026	0.338235704	0.393190897
   0.354563509	0.337729414	0.393284531
   0.354915793	0.337856327	0.393443427
   0.354173099	0.337747857	0.393647664
   0.354328519	0.337805245	0.393127386
   0.354086788	0.337605256	0.392940322
   0.353801166	0.338450007	0.393668071
   0.354460058	0.338259347	0.393693159
   0.355550538	0.338640925	0.393733296
   0.355416401	0.338394105	0.392843523
   0.355475073	0.33879327	0.392946999
   0.35500264	0.338766967	0.392761577
   0.355101041	0.338162074	0.392858375
   0.355227816	0.339119058	0.393617944
   0.355187497	0.338939377	0.3927816
   0.355340996	0.339050424	0.39298529
   0.355825431	0.339186563	0.393460317
   0.355667598	0.340576107	0.393018703
   0.355564318	0.340263243	0.392848359
   0.355600599	0.339215711	0.392968586
   0.355849189	0.339541646	0.393633053
   0.355712279	0.338858079	0.393904292
   0.355338061	0.339754496	0.393221005
   0.355632301	0.339938308	0.393254475
   0.355961284	0.339644854	0.392590493
   0.355921906	0.339341706	0.392731464
   0.356691098	0.338377517	0.393371666
   0.356014188	0.338230964	0.393649871
   0.356052876	0.339071233	0.393906408
   0.356136135	0.339087917	0.39379615
   0.356172556	0.338933029	0.39339656
   0.356287476	0.338943385	0.393955253
   0.356486668	0.338982284	0.393947646
   0.356680474	0.338946912	0.393153005
   0.35664583	0.338810906	0.393722279
   0.356680474	0.338016209	0.393685355
   0.356600862	0.33807992	0.393668573
   0.356537204	0.338751804	0.393438478
   0.355883964	0.338771229	0.392968885
   0.355995077	0.33871296	0.393383041
   0.35661772	0.33858817	0.393774808
   0.356098974	0.337959144	0.393524315
   0.356073696	0.337985747	0.393383518
   0.356714226	0.338448663	0.393445711
   0.357588981	0.338371092	0.393485959
   0.356457584	0.337688014	0.393445711
   0.356840478	0.337899288	0.393422237
   0.35671246	0.338787091	0.393298183
   0.357222003	0.338633605	0.393216253
   0.356945621	0.338594749	0.393246413
   0.357115052	0.338703048	0.394219011
   0.357041949	0.338713065	0.394905815
   0.357789791	0.338788501	0.393905326
   0.357536357	0.339485695	0.393824779
   0.356396301	0.33932987	0.393772526
   0.35777029	0.339474562	0.39387492
   0.357418152	0.339427259	0.394120289
   0.357806854	0.339709857	0.394421212
   0.358575431	0.339842332	0.39465238
   0.358640279	0.33987828	0.393628811
   0.358548767	0.339844786	0.393645578
   0.358442432	0.33993613	0.394147176
   0.357861738	0.340608578	0.394897994
   0.35776375	0.340574929	0.39493399
   0.357238605	0.339618477	0.393987965
   0.357575526	0.339624054	0.394142579
   0.358422706	0.34049382	0.394556288
   0.358290323	0.339984388	0.394112318
   0.357831185	0.340166456	0.394600445
   0.357919073	0.340118521	0.394772354
   0.357848852	0.340180036	0.393850264
   0.357791859	0.340191109	0.394078421
   0.358106724	0.340548182	0.394304051
   0.358213686	0.340012117	0.394175947
   0.359035736	0.340383694	0.394424162
   0.358436796	0.34083527	0.394587342
   0.358575187	0.340553091	0.394562089
   0.357850522	0.339740906	0.393924443
   0.358659145	0.339470763	0.39469388
   0.358636562	0.339797349	0.395473001
   0.357960397	0.339587809	0.394353425
   0.358690202	0.338890125	0.393315826
   0.358820136	0.339630036	0.394412592
   0.359037856	0.340001543	0.39522557
   0.358140859	0.340236553	0.39494221
   0.357754129	0.339115818	0.395287194
   0.358656322	0.338947891	0.39576474
   0.358137507	0.339072891	0.394123375
   0.357900633	0.339607062	0.393996162
   0.358156466	0.338847446	0.394776966
   0.358218725	0.338738949	0.394746648
   0.358291986	0.338715959	0.394655723
   0.358421679	0.339647791	0.394527829
   0.358539112	0.33974358	0.394845916
   0.358440976	0.339651794	0.394642256
   0.35830435	0.338868688	0.394484095
   0.357990025	0.339052157	0.394688983
   0.358651387	0.338069831	0.394350604
   0.35767507	0.338806873	0.395050358
   0.356867281	0.339474716	0.395124488
   0.357798733	0.340152622	0.39488113
   0.358828554	0.339563791	0.394153465
   0.358845864	0.339356667	0.393663656
   0.358315123	0.339259975	0.394293884
   0.358298794	0.339430044	0.394652378
   0.358420283	0.339324515	0.394226789
   0.358834153	0.339380128	0.394912966
   0.359546876	0.340077707	0.393851064
   0.358561161	0.340397959	0.394439944
   0.35874496	0.340370106	0.393874091
   0.358426234	0.339665349	0.393588986
   0.358257726	0.340102434	0.393717647
   0.35917482	0.341004304	0.39376924
   0.359411489	0.340898314	0.394514072
   0.359326552	0.340816485	0.393699378
   0.360501649	0.340886284	0.393985236
   0.359898709	0.340984052	0.394309656
   0.358900605	0.340869402	0.393340012
   0.358641602	0.340646061	0.393323431
   0.359129505	0.339514006	0.394192468
   0.358457542	0.339172812	0.394187344
   0.358480799	0.339656472	0.394114021
   0.360540291	0.341093612	0.393181433
   0.360097941	0.340049731	0.393408485
   0.359629566	0.339676471	0.394175732
   0.358971211	0.340951782	0.394775515
   0.359243974	0.340823048	0.395246753
   0.358907281	0.33985292	0.395246753
   0.358111074	0.339711402	0.395583552
   0.359912003	0.339000404	0.393431873
   0.359133751	0.339713351	0.394150454
   0.359035397	0.338905379	0.393365057
   0.358838069	0.339340161	0.393040129
   0.358440303	0.339950305	0.393906607
   0.357549629	0.338495241	0.394527752
   0.357919385	0.338639962	0.39422717
   0.358898527	0.339558923	0.393309943
   0.35822398	0.338125481	0.393052886
   0.356760556	0.33788122	0.392679613
   0.357048636	0.337256206	0.392806102
   0.358082923	0.336283096	0.392983017
   0.356790956	0.337461144	0.39359759
   0.357304885	0.337977319	0.393350631
   0.358075508	0.33782985	0.391681645
   0.35798775	0.336582944	0.391939703
   0.356806998	0.336738907	0.391369738
   0.35600651	0.336893835	0.391749266
   0.356378198	0.335884571	0.390926775
   0.3549449	0.334965739	0.391583827
   0.355053939	0.335877055	0.391650369
   0.356542284	0.335915486	0.391730542
   0.356567533	0.335910808	0.392118948
   0.356436514	0.336673728	0.391773888
   0.356258345	0.336758741	0.392221222
   0.356920627	0.336032582	0.390586326
   0.357305906	0.335842442	0.390233803
   0.357781836	0.336322405	0.390225775
   0.356815598	0.335470399	0.390221198
   0.357028313	0.334981315	0.390868526
   0.355458766	0.335545812	0.392096891
   0.355632871	0.336387627	0.391908511
   0.355958953	0.337272305	0.392556366
   0.355728781	0.336666134	0.391993886
   0.357127471	0.336220431	0.391444267
   0.358102324	0.335997207	0.391309618
   0.357896996	0.336930042	0.391174982
   0.35837465	0.338629776	0.392126653
   0.357055962	0.337770871	0.391158951
   0.356221141	0.335807515	0.39136449
   0.356263583	0.335812262	0.392014768
   0.357191534	0.337144684	0.390818781
   0.358034238	0.337568382	0.392350328
   0.357939083	0.33707585	0.393386124
   0.356725383	0.337513171	0.39209933
   0.35688388	0.33867299	0.389537733
   0.35752213	0.338579373	0.390471027
   0.358156771	0.337219727	0.392034131
   0.359924792	0.336434192	0.393334826
   0.359829594	0.337341795	0.393119721
   0.357925128	0.336832533	0.392462726
   0.357171342	0.337786811	0.392462077
   0.35876176	0.33978198	0.392291779
   0.35816156	0.338902764	0.392705324
   0.359559936	0.339071633	0.393118905
   0.359466854	0.338485334	0.39252943
   0.357619945	0.33799819	0.39072323
   0.35980566	0.339374358	0.39300831
   0.361206922	0.337645619	0.394432258
   0.360428769	0.336076759	0.393240197
   0.359495084	0.336830114	0.392190471
   0.358632127	0.337039787	0.392319052
   0.359897077	0.338666975	0.391484984
   0.360120927	0.338624284	0.39175909
   0.360251402	0.337358203	0.393134507
   0.361170455	0.337072761	0.393910699
   0.361089686	0.335680022	0.394744762
   0.36135968	0.336055405	0.39515045
   0.362641112	0.338214712	0.395007452
   0.362863808	0.338252019	0.395095526
   0.360838724	0.337459325	0.396024371
   0.361495274	0.337920771	0.395949515
   0.361855833	0.335850711	0.395187279
   0.36077312	0.335887835	0.395047269
   0.361086067	0.338487548	0.394284699
   0.36214376	0.338197268	0.39352673
   0.362535638	0.339170339	0.39359645
   0.36270703	0.33945005	0.394284699
   0.362692319	0.339417051	0.394839155
   0.362639355	0.339175949	0.395901269
   0.362607651	0.339079114	0.395411285
   0.363798096	0.338853025	0.394483119
   0.364025482	0.339214007	0.394326965
   0.363181549	0.337797285	0.394101269
   0.363680152	0.337167499	0.394764091
   0.363311778	0.336382494	0.394951931
   0.362980214	0.335809943	0.396896374
   0.362541189	0.336325263	0.396179037
   0.364527721	0.334401594	0.39541635
   0.364745377	0.334296835	0.395584091
   0.364764148	0.33465976	0.394947983
   0.364495068	0.334557519	0.394753756
   0.364429027	0.33484166	0.39619416
   0.364279136	0.336210676	0.396054565
   0.365104243	0.336863372	0.397410462
   0.364643218	0.337690681	0.397260684
   0.363800779	0.338666001	0.396572471
   0.363679318	0.339615804	0.396787337
   0.363487415	0.340837331	0.397181348
   0.36242379	0.340839747	0.397089308
   0.363343593	0.338797928	0.396301962
   0.364536147	0.337661595	0.397069373
   0.364534278	0.337458276	0.396999617
   0.36567268	0.336793454	0.395631573
   0.365582098	0.336843485	0.396544215
   0.365488735	0.336412506	0.39798952
   0.365448666	0.33624858	0.398793207
   0.365346554	0.336353042	0.398558517
   0.365193486	0.336336849	0.398421841
   0.365510859	0.33775651	0.397680046
   0.365426056	0.337680692	0.397661577
   0.365239634	0.338337364	0.39810693
   0.365318322	0.338364439	0.398062964
   0.365346554	0.339218832	0.398457708
   0.364110895	0.339895627	0.399123493
   0.36389052	0.340155975	0.39864886
   0.364859799	0.340484482	0.398270859
   0.364958598	0.340629358	0.398435731
   0.365600852	0.340763415	0.398288724
   0.364921895	0.340751051	0.398285391
   0.364400382	0.340938678	0.397305102
   0.364572552	0.341197263	0.397932392
   0.364888912	0.341521722	0.398032231
   0.365064598	0.341377413	0.397822622
   0.366613235	0.340658212	0.397832989
   0.366219748	0.34061721	0.398733294
   0.366516267	0.339343121	0.398892014
   0.365979842	0.3393901	0.399180808
   0.365538843	0.339785168	0.399297228
   0.365357906	0.33992779	0.399236069
   0.366423097	0.340759121	0.39936949
   0.366783413	0.341132906	0.398713506
   0.366293527	0.341046568	0.398955046
   0.366187819	0.341150207	0.398319286
   0.365737507	0.340856125	0.397796021
   0.365243202	0.34058788	0.398737102
   0.364855455	0.340017261	0.399140977
   0.36546528	0.340266097	0.398767884
   0.365650987	0.340235805	0.399277988
   0.365998258	0.33974946	0.399802392
   0.366381647	0.339248294	0.399090615
   0.367272	0.339218035	0.397938547
   0.366058638	0.338824583	0.397494576
   0.366420616	0.340232731	0.397673307
   0.365512505	0.340400918	0.397486846
   0.365477734	0.340751769	0.397109287
   0.366061391	0.340415779	0.39688294
   0.366151191	0.340394786	0.397062076
   0.366398582	0.340369695	0.396247786
   0.366374931	0.340598448	0.396436869
   0.366091776	0.341660797	0.396707317
   0.366398042	0.341309373	0.396819455
   0.36557051	0.340916319	0.39553226
   0.365856982	0.340977157	0.39488328
   0.365991225	0.341311071	0.394796477
   0.366148946	0.341609349	0.395022465
   0.365527979	0.341834828	0.39425879
   0.365925246	0.341914597	0.394769368
   0.366573204	0.341166678	0.395295348
   0.36676073	0.341734476	0.393955025
   0.366904473	0.341185872	0.393904436
   0.367027775	0.342271468	0.39452427
   0.367077708	0.342070178	0.394487145
   0.367117054	0.342286658	0.393449786
   0.367059849	0.341785987	0.393612406
   0.366924847	0.341084882	0.393671331
   0.366232779	0.340156075	0.393407935
   0.366121513	0.340218182	0.393192138
   0.366869256	0.340330494	0.393725797
   0.367666353	0.341007694	0.393856205
   0.367335826	0.341652709	0.394480396
   0.367529382	0.341562197	0.394386862
   0.367371573	0.341098741	0.394137539
   0.366737764	0.340873098	0.394888407
   0.36630693	0.341298455	0.394774248
   0.366085157	0.342103563	0.394316183
   0.365831453	0.341813908	0.394980389
   0.366363539	0.341627591	0.394860367
   0.36702611	0.341898983	0.394607461
   0.366859734	0.341752404	0.395432698
   0.366775147	0.342483722	0.396142177
   0.366670199	0.342114537	0.39583073
   0.366233818	0.341004436	0.396446488
   0.36667635	0.341026863	0.396733002
   0.366326645	0.340561021	0.396530828
   0.366178923	0.341509482	0.397203358
   0.365204753	0.341869371	0.396815247
   0.365070439	0.341497728	0.396926018
   0.364869212	0.341044724	0.396828094
   0.364753658	0.340679215	0.397575292
   0.364657785	0.339812987	0.396801531
   0.364447811	0.339505877	0.397454032
   0.364801697	0.338443542	0.39769159
   0.364692218	0.338757924	0.397506675
   0.364541198	0.339666982	0.397325296
   0.364454851	0.339186226	0.398136809
   0.363583499	0.339074586	0.398153629
   0.363018958	0.338412505	0.398096446
   0.362161658	0.338270181	0.398128074
   0.362712435	0.337246959	0.39778643
   0.361933027	0.336520631	0.396643801
   0.361858787	0.335141867	0.397068707
   0.361071692	0.334448484	0.397013221
   0.360906171	0.334717003	0.395952311
   0.360553492	0.33473269	0.395978102
   0.359757844	0.334912156	0.395805652
   0.359800372	0.335150859	0.395759012
   0.359229227	0.334770386	0.395690843
   0.359083782	0.334765003	0.395321435
   0.359199868	0.334627779	0.395008227
   0.359269704	0.334617021	0.394397155
   0.358531405	0.333711009	0.394317586
   0.357778779	0.333689551	0.394343407
   0.358414588	0.333501917	0.393613761
   0.357730784	0.333684956	0.393751199
   0.357925671	0.333719057	0.393781013
   0.357788859	0.333794186	0.39320068
   0.357441472	0.333068151	0.392978809
   0.35819436	0.333145016	0.392628663
   0.35842662	0.333306726	0.392687921
   0.358537213	0.332641323	0.392976556
   0.357919406	0.332876555	0.392284501
   0.358160475	0.333083282	0.391941574
   0.357547321	0.332602217	0.392113723
   0.35770267	0.331977752	0.392229532
   0.35790771	0.332320143	0.392405036
   0.358103831	0.332624251	0.391738699
   0.357540412	0.334359453	0.391977087
   0.357824789	0.334169942	0.392205827
   0.358123897	0.335220134	0.392766581
   0.358498053	0.335519881	0.392002584
   0.358156128	0.334993178	0.392833809
   0.357958651	0.334632142	0.393076927
   0.358430137	0.33490764	0.392744681
   0.357860844	0.335312698	0.392137728
   0.358112754	0.335611788	0.392424627
   0.358362572	0.335944113	0.392503137
   0.358636952	0.335947919	0.392725922
   0.358849623	0.335803692	0.391888689
   0.357929322	0.336038323	0.391710597
   0.358331272	0.336250744	0.391887588
   0.358610408	0.33642199	0.391284327
   0.358288706	0.336154697	0.391511456
   0.358552886	0.336341824	0.391661914
   0.358783815	0.336571859	0.391866061
   0.358983242	0.336969724	0.392124074
   0.358371852	0.337121958	0.39223937
   0.358675427	0.337393642	0.392593414
   0.358999835	0.336617698	0.392780328
   0.359156547	0.337640861	0.392931743
   0.359526579	0.337801126	0.392477666
   0.359401722	0.337317077	0.392080824
   0.359212531	0.337470737	0.391931701
   0.359378785	0.337618949	0.392025917
   0.358752618	0.337725582	0.392134925
   0.358809522	0.337926997	0.392208996
   0.358938275	0.338084049	0.392192159
   0.359054753	0.3384688	0.392242675
   0.359037451	0.338387256	0.39321383
   0.359272394	0.337933803	0.393338845
   0.359428964	0.338060272	0.393565437
   0.359569081	0.338164333	0.393670371
   0.359715159	0.338257704	0.393738101
   0.359770701	0.338392377	0.393788915
   0.359300273	0.338434643	0.393839742
   0.360881805	0.338451553	0.392971613
   0.360514945	0.338657033	0.393787706
   0.359807973	0.338148803	0.394080512
   0.360447916	0.338809415	0.394155179
   0.360299041	0.339811651	0.394034794
   0.360500735	0.339850183	0.394213194
   0.360379921	0.33889748	0.394182338
   0.36040633	0.340386919	0.39477234
   0.360333342	0.339866338	0.394816516
   0.360587343	0.339920225	0.39485614
   0.361511162	0.341489393	0.394707385
   0.361595525	0.341517796	0.394559575
   0.3616379	0.341812169	0.394576585
   0.361708678	0.342164938	0.39459349
   0.361757294	0.341486546	0.394396353
   0.361826705	0.341486546	0.394457545
   0.361851744	0.341114835	0.394515355
   0.361956629	0.341122613	0.395037229
   0.361227039	0.341319828	0.395981245
   0.361271209	0.341781925	0.396032448
   0.361401093	0.342286431	0.39608708
   0.36214302	0.342686893	0.395262028
   0.362279166	0.342173464	0.395388169
   0.362370977	0.342554867	0.395490409
   0.362870697	0.342647905	0.395592846
   0.363216802	0.342846432	0.39576028
   0.363323745	0.342040701	0.395852603
   0.362770568	0.342727934	0.395801307
   0.36264967	0.342776691	0.395859444
   0.362662019	0.341975572	0.395001859
   0.362760018	0.342030996	0.395650922
   0.362084959	0.34357625	0.395835584
   0.362206615	0.343838834	0.395941676
   0.362251145	0.343856104	0.396001839
   0.362543992	0.342974737	0.396071805
   0.362515591	0.343165696	0.396184884
   0.362637551	0.34303144	0.396229732
   0.362753641	0.343109068	0.396349818
   0.363447572	0.343239174	0.3971158
   0.363572876	0.343360038	0.396955881
   0.363659448	0.343558795	0.396874983
   0.363763989	0.343388417	0.397070723
   0.36289826	0.343417624	0.397088299
   0.363082375	0.343455066	0.396990461
   0.363165968	0.343348523	0.396038209
   0.363297411	0.342802968	0.396267465
   0.364028286	0.342935346	0.396504326
   0.363990148	0.342995815	0.396761413
   0.363554609	0.343088002	0.396868064
   0.363708848	0.34313988	0.396999397
   0.363250539	0.343575618	0.396634898
   0.363437387	0.34362754	0.396652085
   0.362655041	0.34383448	0.396824043
   0.36277177	0.343904733	0.396779211
   0.362891573	0.342868749	0.396995546
   0.363026451	0.342506617	0.397009315
   0.363188443	0.342567089	0.397033415
   0.363353591	0.343318067	0.396995546
   0.363568586	0.342595892	0.397293276
   0.363475412	0.342812083	0.396605955
   0.363589632	0.342723918	0.396654759
   0.363319156	0.342977043	0.396671981
   0.363132491	0.342985701	0.397578197
   0.363247974	0.343128038	0.397512602
   0.363317177	0.343058331	0.39752641
   0.363209609	0.342667687	0.397642958
   0.36346732	0.342365493	0.397705116
   0.362640652	0.343023224	0.397846774
   0.362718803	0.343072306	0.397902083
   0.362550244	0.343174761	0.397966822
   0.362454913	0.34319074	0.397993999
   0.362542164	0.343992196	0.397491725
   0.362614405	0.344099886	0.397514305
   0.362629459	0.343795177	0.397547037
   0.363253213	0.344033461	0.397594269
   0.363095797	0.343905928	0.397647333
   0.362060737	0.343229835	0.397647333
   0.362147963	0.342904531	0.397647333
   0.362262326	0.343303814	0.397853592
   0.362364716	0.343266246	0.397654252
   0.362494295	0.343042487	0.397753512
   0.3623265	0.34260531	0.398566559
   0.362954699	0.342721416	0.39857505
   0.362079356	0.342735847	0.398543853
   0.362729594	0.341993492	0.398450291
   0.362874223	0.34204824	0.39843297
   0.363003551	0.342074869	0.398439898
   0.362520086	0.342074869	0.39845722
   0.362529154	0.342112325	0.398498799
   0.362562407	0.342704646	0.397680977
   0.362580548	0.342684517	0.397812091
   0.361901973	0.342603127	0.397888602
   0.36240369	0.342588708	0.397114975
   0.362448982	0.342660818	0.39722561
   0.361607732	0.342793585	0.397287871
   0.361737325	0.342100123	0.396527267
   0.361793047	0.341699746	0.396579082
   0.360549743	0.341774734	0.396559118
   0.361178224	0.341878621	0.395790841
   0.361266465	0.340989891	0.395952411
   0.36051178	0.341177111	0.395245556
   0.360638247	0.341136768	0.394679167
   0.359948098	0.340630298	0.395192784
   0.360197916	0.341780566	0.394727815
   0.359521738	0.341340341	0.394129304
   0.35963607	0.340305973	0.393578026
   0.359010092	0.34073961	0.393241269
   0.358452325	0.340412177	0.392451776
   0.358719902	0.340947634	0.391914622
   0.358138316	0.341106327	0.391914622
   0.357643031	0.340781057	0.391403904
   0.357979938	0.340518607	0.389989271
   0.357424693	0.340231873	0.38958408
   0.356922557	0.341034765	0.389195502
   0.356205854	0.340927117	0.387874477
   0.355777135	0.34156896	0.387441809
   0.355064879	0.342315402	0.386411987
   0.354467995	0.341876424	0.385713063
   0.354732431	0.341487831	0.385221219
   0.354137849	0.341364893	0.383876588
   0.354739753	0.341146828	0.383357064
   0.354446975	0.340928607	0.381955277
   0.353053507	0.34131104	0.381547981
   0.352336151	0.340949445	0.380821488
   0.351666038	0.340133538	0.380264801
   0.351559209	0.339892228	0.379645163
   0.351647879	0.340363906	0.378761556
   0.351331395	0.339827179	0.378005723
   0.351424283	0.339896361	0.377259315
   0.350770041	0.339322257	0.377053823
   0.35008167	0.33868986	0.376254928
   0.349383577	0.338906231	0.375397698
   0.349481871	0.338215831	0.375489037
   0.349621966	0.3382905	0.375465556
   0.348949538	0.338302518	0.374448081
   0.348116747	0.338206403	0.374282572
   0.347344004	0.337128292	0.37416742
   0.346512563	0.336741076	0.373963882
   0.346343042	0.336322725	0.374382059
   0.346018357	0.335829461	0.374152161
   0.345335981	0.335299275	0.373869359
   0.345259437	0.334496999	0.37358336
   0.344375646	0.334024026	0.373214808
   0.34439913	0.333450134	0.37222716
   0.343474306	0.332811353	0.372808705
   0.343447965	0.330533948	0.372971845
   0.342500125	0.329780793	0.372647873
   0.342371805	0.328865429	0.37240528
   0.34138698	0.328118816	0.373030208
   0.340431749	0.327375771	0.372027479
   0.340307258	0.327018496	0.371690768
   0.33926923	0.325812448	0.371279464
   0.33913377	0.325592608	0.372010403
   0.339009939	0.324460341	0.371935272
   0.337950948	0.323682584	0.372408314
   0.33741987	0.323024377	0.371670507
   0.336687607	0.322081463	0.371442086
   0.3364339	0.320469571	0.370892671
   0.335353526	0.319809525	0.370359898
   0.33432823	0.319094936	0.369743674
   0.334144615	0.317902654	0.368453938
   0.333075967	0.317371956	0.36805061
   0.332096166	0.316983791	0.367545925
   0.330947576	0.315792903	0.366381065
   0.329652226	0.314801832	0.366117734
   0.328284377	0.313562522	0.364867849
   0.326937732	0.31230661	0.363866157
   0.325245335	0.311674629	0.362807849
   0.324180615	0.310486324	0.360894446
   0.322313244	0.309454732	0.359095178
   0.320368866	0.307520157	0.357130709
   0.319389633	0.305600432	0.356648079
   0.316675943	0.304015767	0.353823945
   0.314803827	0.301897258	0.351939064
   0.312103969	0.300227465	0.350008436
   0.310012869	0.297962794	0.347185785
   0.307524249	0.296365631	0.343708105
   0.304864733	0.293815443	0.340927147
   0.302179261	0.291583901	0.337703487
   0.29964317	0.289107166	0.334562273
   0.296204707	0.287248557	0.3310236
   0.292962979	0.283900803	0.327589083
   0.289289561	0.281539466	0.323396437
   0.285870713	0.278284633	0.319980732
   0.282143001	0.275003089	0.315115059
   0.277560705	0.271833537	0.311721777
   0.274220651	0.268794126	0.307352803
   0.270018858	0.264950382	0.303003102
   0.266759088	0.262064386	0.298711405
   0.262557347	0.25771661	0.294434811
   0.259187161	0.255185845	0.290167468
   0.254984822	0.251660923	0.285901383
   0.25081858	0.247235102	0.281619404
   0.247473323	0.24477983	0.277331419
   0.243637593	0.241458542	0.273757017
   0.239971891	0.238220987	0.269614856
   0.236649613	0.234873126	0.266217451
   0.233329771	0.23224705	0.262843494
   0.229993039	0.230044165	0.258813646
   0.226624961	0.226424063	0.25585933
   0.224213061	0.223838791	0.253366657
   0.220857171	0.221289161	0.249219549
   0.218454773	0.219760989	0.246363272
   0.215981782	0.217345454	0.243396409
   0.213508232	0.215773007	0.240880908
   0.211871423	0.21323565	0.239112224
   0.209376955	0.211624745	0.237466569
   0.20772303	0.209127678	0.235794465
   0.206110738	0.207513842	0.233210085
   0.204548128	0.205481618	0.231457048
   0.202919299	0.203565658	0.230681542
   0.20194576	0.203304622	0.228971827
   0.200561514	0.202212637	0.227270132
   0.199838677	0.20112351	0.226477338
   0.199080061	0.200376035	0.22548614
   0.198312195	0.199542712	0.224673169
   0.196556963	0.198797218	0.223882297
   0.196631607	0.19759906	0.223096224
   0.195812324	0.197158136	0.222277081
   0.195005282	0.196304896	0.221430859
   0.194931251	0.196159776	0.221472294
   0.194883967	0.196198886	0.220529149
   0.194207117	0.194597413	0.220592967
   0.194304994	0.194703942	0.220660583
   0.194391729	0.193874737	0.219831354
   0.194462465	0.194640823	0.220587335
   0.194538086	0.194610088	0.220123561
   0.193964748	0.194619793	0.219673675
   0.193774655	0.195363555	0.219663973
   0.194579947	0.195189939	0.219718071
   0.194655669	0.194513102	0.219740692
   0.194692747	0.195362831	0.219806229
   0.194754042	0.195370954	0.220549298
   0.19478013	0.194465522	0.220554934
   0.194796461	0.194375514	0.221492905
   0.195621724	0.194491413	0.221517446
   0.195748398	0.194618723	0.221526886
   0.195878576	0.194777018	0.221555212
   0.196015325	0.195505417	0.223224922
   0.196051322	0.196267029	0.223270598
   0.197061241	0.196281741	0.223248654
   0.19714004	0.196161687	0.223284852
   0.197195898	0.197101025	0.224248566
   0.198393519	0.197187487	0.224270577
   0.199022093	0.197147288	0.224287818
   0.199100162	0.197096592	0.224308619
   0.199153355	0.197078714	0.225728192
   0.199223217	0.19705736	0.225916758
   0.200177741	0.197556057	0.226787698
   0.200248905	0.197907791	0.226774142
   0.201242286	0.198548818	0.226768333
   0.201399598	0.199094901	0.227708881
   0.201395703	0.199392847	0.227701766
   0.202366434	0.19932201	0.228634074
   0.202729562	0.200084136	0.229410098
   0.203268815	0.200135549	0.229559404
   0.204201739	0.201126388	0.230356048
   0.205141885	0.201244588	0.231351088
   0.205185493	0.202838143	0.232212659
   0.205911601	0.202789467	0.232260667
   0.207796701	0.203618873	0.233222152
   0.20784917	0.204233214	0.234135961
   0.208811413	0.205361487	0.235937392
   0.209783115	0.205539719	0.236604457
   0.21076442	0.20643907	0.237705914
   0.212710734	0.20759105	0.238613118
   0.213424983	0.20852357	0.239504427
   0.213851464	0.209072652	0.240424185
   0.214750467	0.210204369	0.242325781
   0.215684949	0.211814589	0.243179006
   0.217420631	0.212794193	0.244229257
   0.219265232	0.213675728	0.246229235
   0.220177534	0.214483505	0.247105883
   0.221786397	0.215322997	0.248805862
   0.222642487	0.217095066	0.24971143
   0.223109987	0.218013858	0.251520299
   0.22492753	0.218886991	0.252138663
   0.225864218	0.220553938	0.253705194
   0.226845123	0.221534976	0.255036425
   0.228637705	0.221669971	0.256650124
   0.229441264	0.223403807	0.257956968
   0.231355638	0.224268488	0.258744773
   0.232245819	0.225115911	0.260501426
   0.23314844	0.225983814	0.261476222
   0.234941713	0.227734256	0.261677313
   0.235829528	0.228296824	0.264211531
   0.236802946	0.229392792	0.265336205
   0.238602234	0.23100896	0.266248567
   0.239716659	0.232170043	0.268129311
   0.240635593	0.23309154	0.26901597
   0.241542255	0.234963667	0.270830964
   0.243320085	0.235933343	0.272657692
   0.244183749	0.236688062	0.273529809
   0.245181869	0.238455632	0.274444116
   0.246974121	0.239263877	0.276263577
   0.247768066	0.240078741	0.277005763
   0.248815344	0.241240603	0.278032437
   0.250629137	0.242120465	0.279851545
   0.251529587	0.242936665	0.281675539
   0.252471154	0.244726324	0.282668482
   0.254297892	0.246206334	0.28367344
   0.254463807	0.247061783	0.285488164
   0.256267614	0.247921138	0.286035048
   0.257124195	0.249780838	0.286621978
   0.258216146	0.250008826	0.28833786
   0.259326317	0.251876703	0.289162631
   0.259923854	0.252674624	0.29092182
   0.261828584	0.25380401	0.291869617
   0.262802876	0.254741858	0.292769299
   0.264087082	0.255622988	0.293628057
   0.265566394	0.256517059	0.295659498
   0.266440315	0.258281123	0.296189544
   0.268275825	0.259183994	0.2971005
   0.269172231	0.260177184	0.298166152
   0.269200081	0.261053509	0.29983732
   0.270159425	0.262014869	0.300771386
   0.271102799	0.263954197	0.30172242
   0.272943239	0.264847051	0.302713967
   0.273856516	0.265719556	0.303636498
   0.274765096	0.265778033	0.305191914
   0.27565702	0.266498994	0.306388583
   0.276493893	0.268233452	0.307343553
   0.278255233	0.268991615	0.307678862
   0.278321473	0.270033747	0.308573324
   0.279095883	0.270762982	0.309481291
   0.280137575	0.272062682	0.31035904
   0.28111126	0.272939926	0.311160337
   0.282043971	0.273868039	0.312707277
   0.282927915	0.27419195	0.313133998
   0.283858372	0.275081036	0.314560892
   0.284813652	0.277421249	0.31516285
   0.284872834	0.278003711	0.316376296
   0.286142781	0.27920867	0.31728814
   0.286810345	0.27920867	0.318216668
   0.287791354	0.280070118	0.319153677
   0.288743444	0.281067997	0.319993649
   0.289683284	0.281259916	0.320943772
   0.290605693	0.282300507	0.321847797
   0.290842977	0.2827864	0.322765195
   0.291781515	0.283228754	0.323680003
   0.292455898	0.284384889	0.324640248
   0.293504897	0.285379347	0.325572341
   0.294442699	0.286271691	0.32552358
   0.295432367	0.287235339	0.326503214
   0.295791848	0.288283467	0.32649025
   0.296782136	0.289263274	0.327402821
   0.297476685	0.289598652	0.328315409
   0.298379214	0.289675782	0.32923378
   0.298621926	0.290116168	0.330140637
   0.299531247	0.290593058	0.331067774
   0.299047343	0.29222578	0.332009558
   0.300309984	0.293146696	0.33203865
   0.301711607	0.293226559	0.333015741
   0.302673456	0.294084138	0.333642189
   0.303351987	0.294106909	0.334495859
   0.304042368	0.294630772	0.334491291
   0.304706054	0.295059926	0.336011066
   0.304754037	0.296708942	0.336016951
   0.305789041	0.296798335	0.337002314
   0.305896158	0.297742843	0.337114543
   0.306030166	0.299641884	0.338061819
   0.306158931	0.300363384	0.338998241
   0.306487245	0.300653454	0.33907257
   0.307907349	0.300707909	0.340029388
   0.308112764	0.300767574	0.340924579
   0.309200706	0.300156696	0.340935899
   0.30942414	0.301711906	0.340981424
   0.310431882	0.301784873	0.342217504
   0.310532959	0.303022267	0.34251156
   0.311925364	0.303509278	0.342598741
   0.312168086	0.304472587	0.343607801
   0.312596208	0.304861008	0.344092755
   0.313659463	0.305552144	0.344584179
   0.313551667	0.305509868	0.345518448
   0.313883867	0.305917172	0.345560922
   0.313894712	0.306516644	0.346538129
   0.314937734	0.306613335	0.346663641
   0.315099105	0.30671953	0.348280234
   0.315335914	0.308406329	0.348338446
   0.316345403	0.308646376	0.348381352
   0.316797938	0.308461152	0.348423178
   0.317400421	0.309465242	0.349295118
   0.317480877	0.309615448	0.349508953
   0.317817059	0.309810876	0.350502169
   0.318705847	0.309868128	0.350551371
   0.318905443	0.311090427	0.351655141
   0.319129615	0.311642031	0.351776105
   0.32013385	0.311677218	0.352729059
   0.320337277	0.31269042	0.352753957
   0.320439877	0.313598024	0.352766407
   0.321241169	0.313410816	0.353754898
   0.322325584	0.313025039	0.353782153
   0.322451874	0.312812444	0.354444808
   0.322575396	0.313936408	0.355407298
   0.323598507	0.314875218	0.355404446
   0.323719696	0.315012331	0.355444938
   0.324106617	0.315872879	0.356401535
   0.323425512	0.315719835	0.356392096
   0.324602642	0.315816986	0.356665251
   0.325420431	0.315761087	0.356678639
   0.325554346	0.316455937	0.356751138
   0.325772935	0.317030915	0.35841995
   0.325901319	0.316461879	0.358578368
   0.326930418	0.317426412	0.358638329
   0.326992233	0.317010262	0.358619581
   0.32722073	0.317731651	0.359566318
   0.327373435	0.317713692	0.359544483
   0.327636613	0.31850763	0.359935568
   0.327141837	0.318109394	0.360451598
   0.327288953	0.318407203	0.359553265
   0.328349367	0.318935316	0.360435668
   0.328709013	0.319041028	0.36025028
   0.329229808	0.319916444	0.360534458
   0.329559034	0.319755908	0.360885412
   0.329662988	0.319750332	0.360912216
   0.329764038	0.319687487	0.36083823
   0.329850831	0.319213663	0.361804239
   0.330033133	0.319508411	0.361849524
   0.330133129	0.320274604	0.361839456
   0.331215258	0.321067711	0.361878831
   0.331293021	0.321101338	0.362793136
   0.331355858	0.321177027	0.362647165
   0.331442287	0.321199461	0.362982685
   0.331277715	0.321294841	0.363674827
   0.330983951	0.321306066	0.363703802
   0.331151743	0.321279795	0.363110651
   0.332144953	0.322316337	0.364097278
   0.332132922	0.322156882	0.364097278
   0.332011997	0.322156882	0.364156686
   0.332741706	0.322061872	0.364223196
   0.332583299	0.322355271	0.364291092
   0.333248632	0.322352817	0.36465295
   0.333315051	0.322496406	0.36468853
   0.33338754	0.321697012	0.365290834
   0.333420776	0.322560889	0.366219626
   0.332846777	0.323181699	0.366274824
   0.333835294	0.323156311	0.36625534
   0.335453448	0.323599163	0.365559764
   0.335486903	0.324097953	0.365530583
   0.334971847	0.323230884	0.366897479
   0.334965766	0.323222422	0.367053532
   0.334895845	0.323205501	0.366486362
   0.335079744	0.323213962	0.367401829
   0.335654282	0.32409063	0.367346446
   0.335614704	0.32349059	0.36733016
   0.335682339	0.323592335	0.367295424
   0.335667121	0.323595448	0.367317132
   0.335614704	0.323595162	0.367424639
   0.335599484	0.323461421	0.367538735
   0.334904964	0.324395576	0.368325779
   0.33496482	0.324341717	0.368447927
   0.335018573	0.324078213	0.367972977
   0.335133832	0.324300045	0.368933368
   0.335349983	0.324319385	0.369048058
   0.336164575	0.324209452	0.368907143
   0.335389592	0.325123801	0.368938656
   0.335420067	0.325713193	0.368955041
   0.336654901	0.325550817	0.369000929
   0.336949805	0.325533789	0.36904355
   0.3370263	0.324084974	0.369021923
   0.336411476	0.324082146	0.36904815
   0.336399246	0.323104014	0.369058544
   0.336362559	0.323154749	0.369063225
   0.336685711	0.324785735	0.368941929
   0.336593108	0.32485373	0.368941933
   0.335925534	0.324995481	0.369025828
   0.336118665	0.325030462	0.36889606
   0.335165024	0.3249416	0.368862658
   0.335198481	0.32406518	0.368846924
   0.335963162	0.32409063	0.367932791
   0.335960115	0.324178323	0.367955659
   0.335929643	0.324365192	0.367968729
   0.335834602	0.324430367	0.368056971
   0.335858522	0.324555867	0.368223774
   0.335845535	0.324516181	0.368328515
   0.335794644	0.324566348	0.368885578
   0.335826081	0.324370087	0.368843649
   0.335832171	0.324298095	0.367334164
   0.334924943	0.323483239	0.367296054
   0.334967462	0.323570796	0.367204459
   0.335003917	0.323230446	0.36732192
   0.335049496	0.32370054	0.368096205
   0.335052536	0.323408678	0.368161613
   0.334951398	0.323323988	0.368236863
   0.335003067	0.324283055	0.367442726
   0.334172044	0.324924589	0.367468858
   0.334714548	0.324384478	0.366657805
   0.334747929	0.324544527	0.366749111
   0.334888507	0.323816788	0.366765421
   0.33490976	0.323827401	0.367410068
   0.334017524	0.323332455	0.367504795
   0.334038724	0.323190163	0.367511753
   0.333910345	0.322541164	0.366732803
   0.333889151	0.322527076	0.366797031
   0.333874014	0.322348365	0.365784445
   0.333901261	0.321348584	0.365807213
   0.333680394	0.321588102	0.365875534
   0.332776451	0.32115929	0.36607892
   0.332881355	0.320749994	0.365917842
   0.332857882	0.320719987	0.365069914
   0.332740273	0.321264813	0.365072037
   0.332692049	0.321939368	0.364199
   0.332580587	0.320471736	0.364970155
   0.331673012	0.320709367	0.36507345
   0.331839229	0.320803987	0.365096196
   0.332071272	0.320918864	0.365177472
   0.331440692	0.321126422	0.364374124
   0.331385296	0.319631023	0.364474738
   0.331359826	0.319460649	0.364674004
   0.331436416	0.319443812	0.363793834
   0.330555693	0.319917607	0.363884646
   0.33046839	0.319384825	0.36300839
   0.329841254	0.319385182	0.362914376
   0.329591582	0.320177562	0.363031948
   0.329720213	0.318616244	0.362105678
   0.32878084	0.318907232	0.36216382
   0.32900401	0.319018911	0.361781599
   0.328494669	0.318154683	0.362056773
   0.32836078	0.319147445	0.362678301
   0.328399396	0.318915129	0.362781995
   0.327570987	0.318766646	0.361818485
   0.327648461	0.318085064	0.361359212
   0.327848983	0.317423579	0.360900471
   0.327487862	0.317618844	0.361006619
   0.327649121	0.317557094	0.36028738
   0.327784915	0.31668604	0.360428799
   0.328008121	0.316214001	0.359718126
   0.326564	0.31628117	0.359824112
   0.325785572	0.315976715	0.359824112
   0.325827051	0.316061244	0.359888379
   0.324823112	0.316600304	0.359080324
   0.324823112	0.316835858	0.359022073
   0.324743403	0.314304611	0.357878733
   0.3247375	0.314044892	0.35794235
   0.324855598	0.313770296	0.356923584
   0.324834925	0.314553026	0.35698091
   0.324013239	0.314740994	0.356232605
   0.323698954	0.313871423	0.356335671
   0.32272258	0.31396805	0.356259286
   0.323458029	0.313841067	0.356006983
   0.322687415	0.312813696	0.356108634
   0.322779712	0.312846665	0.356105457
   0.321146502	0.311975136	0.355252869
   0.320458514	0.311118877	0.355411529
   0.321237991	0.311824513	0.354540921
   0.32055977	0.311994318	0.353787565
   0.320756247	0.311193541	0.352976346
   0.319925748	0.311424468	0.352794775
   0.319080069	0.310742599	0.352347282
   0.318251223	0.310241915	0.352151983
   0.317447769	0.310990699	0.352224322
   0.317688209	0.310138085	0.352426096
   0.317595464	0.309287812	0.351537724
   0.317112157	0.308401828	0.349099405
   0.316222304	0.30760504	0.349310861
   0.315332088	0.306864945	0.348518557
   0.315597394	0.306055308	0.349274086
   0.315665063	0.306812988	0.349412364
   0.314916339	0.306596458	0.348609892
   0.314073932	0.30590992	0.347493894
   0.31476401	0.306087204	0.3471735
   0.313936932	0.305538713	0.346474364
   0.313983547	0.305509032	0.345588638
   0.313925942	0.305080789	0.344793637
   0.313678857	0.303993442	0.344681253
   0.312791095	0.303715798	0.345059417
   0.312857093	0.304154743	0.343503363
   0.311993468	0.303279932	0.343851369
   0.311357893	0.303563829	0.343951892
   0.31063796	0.304058946	0.343306291
   0.310855246	0.304060065	0.34337487
   0.310025518	0.303823927	0.343420194
   0.310196754	0.303090983	0.342635097
   0.310271018	0.302571047	0.342698638
   0.310242679	0.301965363	0.341509196
   0.310075796	0.30107152	0.341279972
   0.310107167	0.300981342	0.340318359
   0.309247548	0.30175489	0.340321413
   0.309435314	0.302273478	0.339590357
   0.308606896	0.30145254	0.339643682
   0.308618887	0.301583727	0.339683242
   0.308867757	0.300642065	0.339719696
   0.308135728	0.299766699	0.338781669
   0.308414492	0.299732103	0.338705613
   0.307829482	0.300103336	0.340000268
   0.308074235	0.29905409	0.339425011
   0.308236682	0.298658749	0.33989379
   0.308402167	0.299316679	0.339976259
   0.308550693	0.299293271	0.338928367
   0.308058655	0.298221634	0.338982949
   0.308321788	0.298369706	0.339053004
   0.308539519	0.299278829	0.33899513
   0.308751835	0.299787979	0.339019496
   0.308883971	0.300296409	0.339132233
   0.307951264	0.300335716	0.339269664
   0.308024108	0.300627209	0.339424542
   0.307762298	0.300285659	0.339613328
   0.307709815	0.30008074	0.338631089
   0.308652933	0.299325874	0.339193205
   0.309734028	0.299175046	0.339446487
   0.309855714	0.299799116	0.339896054
   0.309889597	0.299448488	0.339987957
   0.309996837	0.299941194	0.338222582
   0.3101146	0.2999038	0.337977906
   0.309938606	0.299644787	0.337577914
   0.30972342	0.29940604	0.336705388
   0.310744554	0.299745883	0.33830824
   0.310381902	0.299404512	0.338297848
   0.310553583	0.298883679	0.338413727
   0.310076054	0.297975166	0.336958994
   0.310090429	0.298074059	0.336377274
   0.309549673	0.299743769	0.335442747
   0.309653115	0.29983715	0.333925817
   0.310713713	0.299329757	0.333844381
   0.310748346	0.299422911	0.333844381
   0.310641586	0.299534777	0.33458479
   0.310547515	0.298085501	0.334723723
   0.310244087	0.297872272	0.334681426
   0.308949673	0.297726651	0.335301547
   0.308637845	0.29790439	0.335343522
   0.307858454	0.298589723	0.334355109
   0.30727636	0.298198329	0.333701339
   0.307060944	0.298996931	0.333228259
   0.306018109	0.298936136	0.331694866
   0.304752353	0.297380998	0.332307371
   0.304670687	0.296975691	0.331467185
   0.30383829	0.296906698	0.331634918
   0.304777971	0.297001813	0.33185384
   0.304735078	0.296728198	0.331789984
   0.304800789	0.295489273	0.331173208
   0.304953496	0.29565051	0.33061669
   0.305074282	0.295753869	0.329984654
   0.304975926	0.294181981	0.329092088
   0.303187962	0.294184601	0.329196289
   0.30335375	0.293292878	0.328323673
   0.302761881	0.293084084	0.327391449
   0.302391746	0.291545395	0.32581551
   0.302551579	0.289880675	0.325821407
   0.302549718	0.289627664	0.324346393
   0.301835123	0.289421475	0.32409405
   0.300786305	0.28854186	0.323151784
   0.299728441	0.287626063	0.322253231
   0.298629027	0.287081839	0.320426368
   0.297618746	0.285471117	0.319535787
   0.296561794	0.283546568	0.317707735
   0.294664972	0.282664217	0.316850736
   0.293684923	0.281436838	0.31481243
   0.291989377	0.280498196	0.313276092
   0.289468963	0.278778432	0.31038569
   0.287860632	0.27714847	0.308464974
   0.287032574	0.274418381	0.306603947
   0.286164236	0.27133032	0.30370073
   0.284244147	0.269542217	0.301873846
   0.283028468	0.266825644	0.29926427
   0.281152453	0.263900231	0.296490595
   0.279503904	0.261326921	0.294032453
   0.276674638	0.258541293	0.291049546
   0.273753908	0.255713083	0.288360695
   0.271628313	0.252869055	0.28468883
   0.26799906	0.249227989	0.281899869
   0.263983246	0.24633716	0.278414403
   0.261016362	0.242625017	0.275136458
   0.25815267	0.238002587	0.26993234
   0.25433316	0.233352251	0.266214769
   0.252095027	0.230659619	0.261551211
   0.248390252	0.2260679	0.256826829
   0.2457072	0.221452001	0.250497935
   0.241013996	0.215606383	0.245131291
   0.236471066	0.209993425	0.238321265
   0.231605665	0.203067521	0.232544632
   0.22676844	0.19787784	0.225142709
   0.22011722	0.192108631	0.217664016
   0.215235261	0.185544179	0.211865563
   0.209376404	0.180658018	0.206113695
   0.203550521	0.174089719	0.199566465
   0.19949676	0.167476647	0.193881415
   0.194374841	0.160906061	0.188012502
   0.188870115	0.154340463	0.180506303
   0.183542092	0.148293507	0.173842598
   0.176765536	0.142129016	0.166284877
   0.171840662	0.135587099	0.16050627
   0.165986688	0.129877469	0.152996941
   0.160254873	0.12337742	0.146301944
   0.154400485	0.116825744	0.139738323
   0.150329125	0.110654976	0.134115526
   0.145268095	0.104551109	0.127529218
   0.141473216	0.099776579	0.121076955
   0.136562757	0.094241379	0.115453824
   0.132684572	0.090439703	0.109747506
   0.128854373	0.085760015	0.1054081
   0.125314272	0.083015219	0.101044654
   0.12203777	0.078299464	0.096372155
   0.11819883	0.074561769	0.091565802
   0.115306978	0.069836236	0.08840091
   0.111444908	0.06599111	0.08582125
   0.109169046	0.062312434	0.081142816
   0.106537433	0.059303063	0.078614055
   0.104632552	0.05836269	0.075812472
   0.103596068	0.057391636	0.072599674
   0.101539193	0.054656146	0.070764316
   0.100505452	0.053679576	0.069682462
   0.098592882	0.051785292	0.066876848
   0.09665645	0.050852678	0.064964416
   0.094744165	0.048035757	0.064045573
   0.094081608	0.047093002	0.063538627
   0.092917395	0.04521292	0.062556999
   0.093859447	0.044387869	0.063041721
   0.093899396	0.043358638	0.062092318
   0.09304778	0.044277137	0.061149508
   0.093081321	0.043343157	0.060184242
   0.09205167	0.042211853	0.058419803
   0.092447632	0.041270861	0.058330097
   0.0920016	0.040553621	0.059167085
   0.091678928	0.040336418	0.058219799
   0.091948658	0.039363675	0.058219799
   0.092217758	0.039410077	0.059025983
   0.091873791	0.039413115	0.058075766
   0.091008329	0.039265243	0.057220366
   0.090974734	0.03942122	0.057220366
   0.090461142	0.041305251	0.056307437
   0.090154902	0.041415297	0.055839494
   0.092180897	0.042030994	0.055881479
   0.092203159	0.042390131	0.05633556
   0.092186101	0.040515396	0.056229448
   0.091856318	0.040524975	0.05623426
   0.091898431	0.040434879	0.057251407
   0.090247488	0.040361983	0.057240045
   0.090829311	0.040341378	0.058301746
   0.091150691	0.041146065	0.059303895
   0.093074531	0.041299802	0.059316246
   0.094131179	0.043305109	0.059353343
   0.094051118	0.043307761	0.060312158
   0.094995902	0.04426391	0.061158404
   0.095050638	0.045336549	0.061153869
   0.094657163	0.04416403	0.063046735
   0.095090088	0.04511306	0.064015615
   0.095496533	0.04512137	0.06403433
   0.095204026	0.046082433	0.065008788
   0.09624342	0.046086741	0.065028836
   0.097957007	0.047132969	0.066103391
   0.098391214	0.047155261	0.066836513
   0.098295513	0.047144389	0.068044109
   0.099273127	0.048108707	0.068062536
   0.098232804	0.050862843	0.069574186
   0.099224152	0.051923657	0.070010757
   0.098160405	0.053600244	0.070102928
   0.098166073	0.054263351	0.071127805
   0.099836638	0.054458567	0.071040388
   0.101313638	0.054668596	0.072008748
   0.102057005	0.055641862	0.073733249
   0.103586	0.056894118	0.074938569
   0.104625182	0.058006762	0.075759558
   0.105140402	0.058581673	0.075909812
   0.105593874	0.059539983	0.077845864
   0.105677232	0.06138016	0.0794474
   0.107612282	0.062333565	0.080536721
   0.108649611	0.061437111	0.08263662
   0.109672762	0.062487867	0.084569432
   0.110642693	0.064263801	0.085537094
   0.112153771	0.065227502	0.086500294
   0.112709767	0.068140134	0.086540148
   0.113664881	0.069490236	0.087466275
   0.113709558	0.071148726	0.089654615
   0.114760562	0.07115712	0.090371477
   0.115809257	0.071221404	0.091363183
   0.116852591	0.071225009	0.093349103
   0.118217328	0.072187316	0.09435898
   0.119029075	0.073012644	0.094511758
   0.120046011	0.074031506	0.095589533
   0.120005557	0.076029429	0.09579557
   0.121093104	0.077493976	0.097318096
   0.121130806	0.078962012	0.100473579
   0.122112154	0.079872721	0.101448953
   0.123168483	0.081977085	0.103397048
   0.125190192	0.082978664	0.105341631
   0.125704603	0.08395772	0.107267546
   0.127164423	0.084016921	0.108357839
   0.128156042	0.085715893	0.109149824
   0.128213446	0.086855449	0.11013982
   0.129086941	0.088860182	0.111208068
   0.129708863	0.089784254	0.112198838
   0.130205704	0.089938448	0.114224967
   0.131266794	0.090861656	0.116110664
   0.133327816	0.092178746	0.116758295
   0.134500039	0.092830172	0.119528804
   0.135654434	0.094752992	0.121027741
   0.136471609	0.095708623	0.123041554
   0.137806293	0.097683294	0.124291637
   0.138883604	0.098268251	0.124962527
   0.139330818	0.09964504	0.125255461
   0.140984846	0.100636817	0.127314005
   0.141945628	0.103455206	0.129028187
   0.14301268	0.104756232	0.130035193
   0.144035174	0.107281884	0.131948031
   0.145069631	0.107508924	0.13393521
   0.147030395	0.107420061	0.134106596
   0.149096745	0.107777939	0.13610078
   0.15013395	0.110620073	0.137276949
   0.151174369	0.111616054	0.13830429
   0.1504154	0.113605671	0.140381127
   0.151470966	0.114583464	0.142397217
   0.150519842	0.116568614	0.143365178
   0.151659977	0.116720281	0.143979398
   0.152650046	0.11907838	0.145583827
   0.154818946	0.120537868	0.146961507
   0.15685137	0.121655222	0.14846158
   0.158801729	0.122686168	0.150538719
   0.159798718	0.123590354	0.151550999
   0.159459556	0.124818894	0.152638509
   0.160695972	0.125809577	0.15362154
   0.161677175	0.12872644	0.154876579
   0.162669857	0.129672019	0.155542839
   0.163641418	0.130633909	0.156671461
   0.164624496	0.131476018	0.157837982
   0.164654547	0.132470093	0.158719824
   0.165162633	0.133076578	0.159653338
   0.165863279	0.135404505	0.162532805
   0.166869565	0.136478468	0.16351422
   0.168999169	0.137161494	0.163710364
   0.170088022	0.137376119	0.165790315
   0.171124625	0.138392326	0.165988514
   0.172241201	0.138462176	0.168064299
   0.173067247	0.139550606	0.169108011
   0.173358258	0.141535668	0.170104221
   0.173788356	0.14287769	0.17117065
   0.175313404	0.143615934	0.171379568
   0.176413879	0.14343814	0.172479556
   0.177085047	0.144727522	0.172735497
   0.177732249	0.145317675	0.173800289
   0.178767335	0.147772026	0.175878347
   0.179794372	0.148877073	0.176889753
   0.181819053	0.150874487	0.178743352
   0.18265952	0.151915356	0.178833014
   0.182645978	0.152046132	0.179916218
   0.182696305	0.153172931	0.18172095
   0.183035142	0.15416444	0.182819444
   0.184033506	0.15511943	0.183587991
   0.185039225	0.155166164	0.18464609
   0.186812325	0.15602354	0.185780509
   0.187845998	0.156943205	0.186027236
   0.187130424	0.15864007	0.186372826
   0.188261089	0.158678897	0.187490668
   0.189164828	0.15979689	0.188456134
   0.189453699	0.160833885	0.190422486
   0.191296792	0.15997206	0.190458133
   0.19185935	0.16015048	0.190400051
   0.193918484	0.163103392	0.191584333
   0.194737217	0.163283491	0.191514115
   0.195795073	0.164322381	0.192498607
   0.196001871	0.16446936	0.194446204
   0.197029754	0.166362143	0.195528433
   0.197000297	0.166233088	0.196251397
   0.19664832	0.167256977	0.197478654
   0.197751562	0.168562401	0.197788546
   0.198564477	0.169634793	0.198772006
   0.198812041	0.171522552	0.199910889
   0.198823849	0.172623445	0.201048354
   0.199684273	0.174226443	0.201667718
   0.200545721	0.174488337	0.202455388
   0.201643773	0.173656543	0.202190146
   0.203434688	0.173873668	0.203220235
   0.204352847	0.176692377	0.203540848
   0.205474927	0.17849425	0.204687855
   0.205836876	0.179369264	0.205800778
   0.205376731	0.180885165	0.206747463
   0.205338251	0.181648957	0.207852628
   0.206302619	0.18107672	0.208487792
   0.207366801	0.182040127	0.209441303
   0.208380284	0.182636583	0.2108276
   0.209273885	0.182641488	0.212019888
   0.209114	0.183522338	0.212120858
   0.209690268	0.184534264	0.213138067
   0.210851369	0.185742831	0.213122313
   0.211908374	0.186811667	0.214137665
   0.212907626	0.187568573	0.21434971
   0.214180646	0.187806749	0.216200943
   0.216021483	0.188153532	0.217144624
   0.217052399	0.188839762	0.218162531
   0.21632122	0.190047803	0.21999701
   0.216929897	0.191587728	0.221002203
   0.217564994	0.192620464	0.221041126
   0.218138523	0.19313466	0.222174354
   0.219186089	0.193755559	0.222174984
   0.220446308	0.193431548	0.223087537
   0.222503348	0.194423937	0.223112185
   0.221762108	0.195187552	0.22333369
   0.222733076	0.195157523	0.223381476
   0.224225416	0.19534139	0.224443565
   0.224147012	0.195284098	0.225033539
   0.224095443	0.196152441	0.226591555
   0.22524629	0.197241299	0.227578786
   0.226333622	0.198250353	0.228518524
   0.225530033	0.2002452	0.229596492
   0.226674197	0.199758534	0.229683571
   0.226674197	0.200910631	0.229696433
   0.227461728	0.201037019	0.230861554
   0.228559473	0.201046185	0.232902444
   0.228542361	0.202051895	0.233769879
   0.22911938	0.204673462	0.233754589
   0.229413744	0.205592856	0.233696086
   0.230399464	0.204996924	0.234582646
   0.230395103	0.206069382	0.234600914
   0.2314896	0.206163101	0.236650951
   0.232248278	0.20722133	0.236972765
   0.233622852	0.208287947	0.237867157
   0.234675454	0.209057637	0.237971972
   0.235244535	0.208244039	0.238287022
   0.235912273	0.209211437	0.239384625
   0.236838208	0.210190328	0.239534217
   0.236826042	0.210903626	0.240621728
   0.237798193	0.212037573	0.241693418
   0.238534392	0.213131318	0.242404496
   0.238455117	0.212272883	0.241321401
   0.237346108	0.212232474	0.241191902
   0.236731621	0.213117618	0.241464374
   0.236911541	0.21333117	0.241557651
   0.237037662	0.21362874	0.242580258
   0.237668204	0.215353598	0.244357693
   0.23782017	0.214633227	0.245391586
   0.240856406	0.215662516	0.246388579
   0.241845885	0.215696326	0.247415847
   0.242439978	0.215672446	0.248534043
   0.243227461	0.216731225	0.248545767
   0.241935024	0.217533543	0.248494919
   0.24175573	0.219337585	0.248480846
   0.243491978	0.219902864	0.249635576
   0.243565978	0.220348903	0.248258863
   0.244879107	0.221108713	0.249382692
   0.245718031	0.220593375	0.249860309
   0.244811399	0.220110591	0.251453363
   0.244145455	0.220599513	0.251662589
   0.24402916	0.219675002	0.253480786
   0.244005916	0.219814528	0.253431016
   0.244254881	0.22045885	0.254565515
   0.244457809	0.220595433	0.254666784
   0.245299249	0.220844372	0.254687314
   0.245392863	0.22188121	0.254774265
   0.245374421	0.222815616	0.255926247
   0.246996556	0.222367583	0.256189322
   0.245952799	0.222508282	0.256252253
   0.24684033	0.22336464	0.256386321
   0.246927364	0.223610393	0.255769097
   0.246976791	0.223791696	0.256914491
   0.247276167	0.224659022	0.256025225
   0.248282147	0.224854513	0.256102979
   0.248385744	0.225495798	0.256247687
   0.247420471	0.225348841	0.255341979
   0.247748376	0.225367032	0.255383468
   0.24900369	0.225881596	0.255498249
   0.249197094	0.225688785	0.256397992
   0.250327994	0.226916697	0.256443718
   0.250496883	0.226187201	0.257203214
   0.249692256	0.226730456	0.257999959
   0.250331928	0.22725966	0.258037554
   0.249419427	0.227230815	0.25729514
   0.250201061	0.227505555	0.257372944
   0.250717885	0.226861969	0.257448395
   0.250324153	0.22647247	0.257569503
   0.249910973	0.226258661	0.258013976
   0.250811238	0.225930077	0.25861746
   0.249987806	0.225319338	0.258684341
   0.25097083	0.226575547	0.257127453
   0.25099745	0.227309545	0.257213814
   0.249850418	0.228364772	0.259106305
   0.249468995	0.228547785	0.258193789
   0.248265279	0.229500253	0.258404616
   0.248372175	0.229642139	0.258511412
   0.248734044	0.229746638	0.25752885
   0.247853402	0.230734183	0.257501521
   0.248721558	0.229915785	0.257743217
   0.249422039	0.230901961	0.257784137
   0.249777196	0.230765789	0.258716944
   0.251690193	0.230215897	0.259896788
   0.251789619	0.230764607	0.260648218
   0.253688766	0.229854163	0.260668312
   0.252539885	0.229196455	0.260721076
   0.252840388	0.229303737	0.260786435
   0.253718298	0.228557143	0.260927317
   0.25302157	0.228744097	0.260725166
   0.252964068	0.229613203	0.2610077
   0.251968053	0.232321472	0.26108576
   0.250944138	0.232354584	0.259974239
   0.249557129	0.232215369	0.259873953
   0.249539391	0.232397528	0.259614936
   0.250899475	0.232459337	0.259976424
   0.250926298	0.232484743	0.260907052
   0.250587798	0.231463596	0.26118376
   0.251456743	0.230699839	0.26124993
   0.252708702	0.230201455	0.260841676
   0.252092572	0.230153222	0.260776377
   0.2524755	0.232371926	0.26172684
   0.252726557	0.232654674	0.261678361
   0.252852288	0.232334663	0.261919079
   0.252978586	0.231168992	0.261934266
   0.253339933	0.230783477	0.261867827
   0.253667592	0.230882336	0.26102618
   0.253860539	0.229976131	0.261106947
   0.255164933	0.230678893	0.261316686
   0.256037387	0.230673072	0.260588433
   0.25493073	0.230771299	0.261548864
   0.255529226	0.231865531	0.26061079
   0.255260145	0.232081344	0.260492565
   0.253980021	0.231524334	0.260914222
   0.25402444	0.231754798	0.262376106
   0.252837591	0.232256877	0.262432387
   0.250995339	0.232424775	0.261699496
   0.251140057	0.231721355	0.261675318
   0.251531171	0.231879469	0.260819984
   0.252730429	0.231930477	0.260828671
   0.254030163	0.232686081	0.260110349
   0.253639603	0.232806811	0.260219556
   0.25263031	0.234574686	0.261997016
   0.252485229	0.234763287	0.261354921
   0.253491401	0.235121188	0.262068773
   0.253185918	0.235322041	0.262141518
   0.252836244	0.234542622	0.262452335
   0.253016869	0.234668881	0.263090567
   0.249958537	0.233972222	0.263858509
   0.250324856	0.233657763	0.263879069
   0.251070586	0.232070878	0.263255458
   0.251129952	0.232126691	0.261479542
   0.252145002	0.230410555	0.261021704
   0.252404462	0.230258891	0.259382704
   0.252034804	0.232198173	0.259529312
   0.252126378	0.233136503	0.259640651
   0.252856487	0.232888796	0.259518181
   0.253209451	0.232035001	0.259258424
   0.253377315	0.23050704	0.259259036
   0.253274957	0.231377318	0.259559776
   0.251897808	0.230758983	0.259709132
   0.250736393	0.230690481	0.259881428
   0.249600738	0.230632658	0.259380759
   0.249586283	0.230236418	0.25872088
   0.250423577	0.22919717	0.257577607
   0.250064965	0.228316287	0.257585175
   0.25120299	0.227890711	0.256773847
   0.251046531	0.226125673	0.25672381
   0.251081651	0.226249656	0.256834547
   0.250670905	0.227100899	0.257845311
   0.250596979	0.227317442	0.258383769
   0.250511008	0.228657359	0.259558913
   0.24956034	0.228738851	0.259688753
   0.247953059	0.226148852	0.260517042
   0.248337443	0.226473969	0.259492774
   0.248635918	0.225477811	0.257729415
   0.248964497	0.224568342	0.256789014
   0.250747822	0.225913694	0.254753834
   0.250571791	0.224306049	0.254228505
   0.247975273	0.224360315	0.254435851
   0.246797793	0.223480103	0.254527986
   0.245416591	0.223666531	0.254547241
   0.244	0.223788933	0.254315022
   0.24468157	0.222809968	0.253522858
   0.243940635	0.222719946	0.253271516
   0.242188505	0.223032464	0.253220803
   0.242843621	0.223064809	0.253342651
   0.245108912	0.224169835	0.252068057
   0.245025427	0.225114881	0.2513758
   0.243113094	0.224490231	0.250609061
   0.244188481	0.223203547	0.24788084
   0.243127023	0.221784317	0.248757063
   0.2411777	0.220658195	0.248641542
   0.242069753	0.219579681	0.248796963
   0.241994675	0.219569919	0.247688247
   0.242045782	0.219699263	0.247854498
   0.242023034	0.2180494	0.246866393
   0.239793864	0.217913099	0.246720923
   0.238637245	0.216541548	0.247648692
   0.23833129	0.216343036	0.2467185
   0.237432705	0.21653109	0.246127648
   0.238474117	0.215813564	0.245589786
   0.237603805	0.2162591	0.245682499
   0.236508968	0.216380564	0.244826739
   0.235738385	0.217496523	0.244899357
   0.235861623	0.217372773	0.243082866
   0.235273346	0.217415545	0.242915
   0.235280288	0.216172561	0.242861825
   0.237292746	0.214206645	0.243554402
   0.236818335	0.213233053	0.242701124
   0.234941998	0.212448745	0.24297321
   0.233930903	0.212172633	0.242042333
   0.232951221	0.213440569	0.2413119
   0.233252733	0.213507663	0.239620232
   0.233601165	0.212674536	0.239452538
   0.233918423	0.21266752	0.238345335
   0.233104525	0.212544707	0.238375627
   0.233357557	0.212115471	0.238095304
   0.233239472	0.213570132	0.237030428
   0.233032883	0.211793379	0.237037451
   0.231788845	0.210166235	0.237172362
   0.231711161	0.209105274	0.237975564
   0.230707873	0.207793762	0.238988838
   0.2295535	0.207159317	0.239025657
   0.228843061	0.207651104	0.237151572
   0.228982699	0.207588992	0.236714855
   0.229100887	0.206337665	0.236655046
   0.228179787	0.20536761	0.234710156
   0.228274997	0.206332584	0.233920711
   0.228038444	0.205421698	0.233015011
   0.226164451	0.203743172	0.230935745
   0.226219727	0.202358142	0.230011392
   0.226014894	0.202243014	0.231540355
   0.22477628	0.20147143	0.231574555
   0.222533745	0.202696559	0.23169482
   0.221391437	0.20294972	0.231674259
   0.22154817	0.202153688	0.226700013
   0.220509162	0.201207594	0.225788411
   0.222789379	0.200513098	0.226998845
   0.221925697	0.199341548	0.226085219
   0.219799351	0.197893265	0.227386488
   0.2188756	0.196552975	0.228372053
   0.217288352	0.194217535	0.226691564
   0.216380959	0.194302062	0.224746644
   0.217622676	0.193545391	0.222803014
   0.217035249	0.193137269	0.221819085
   0.215638745	0.194765588	0.22239823
   0.21428121	0.194592864	0.221607395
   0.213605772	0.193663805	0.221567985
   0.213649687	0.192656733	0.221648169
   0.213580157	0.190464062	0.219607238
   0.215034054	0.1864098	0.218747864
   0.216224577	0.187775413	0.219877468
   0.218193404	0.187105196	0.218965693
   0.218742613	0.188372462	0.218171998
   0.218072207	0.190197767	0.217722143
   0.214110446	0.189301938	0.218545314
   0.214349048	0.187437635	0.216516179
   0.212264358	0.187168126	0.2153844
   0.212513584	0.187813228	0.21267071
   0.213302582	0.189421587	0.209933832
   0.213683141	0.190287784	0.209948284
   0.213907466	0.188956675	0.21112386
   0.215147888	0.188175476	0.209920904
   0.211858922	0.185443897	0.210742808
   0.208225934	0.183477809	0.210916672
   0.206292336	0.180514082	0.210528588
   0.206106268	0.180067457	0.209449048
   0.205186104	0.179009906	0.209311821
   0.204772817	0.176704551	0.207683435
   0.20448647	0.176976053	0.206086941
   0.203585834	0.178106147	0.206184517
   0.201661108	0.177142254	0.205342367
   0.201917564	0.175309841	0.203331606
   0.200999116	0.176241051	0.202106987
   0.197812554	0.177026233	0.20048083
   0.197561337	0.17704881	0.19944743
   0.195204196	0.178097279	0.198507231
   0.195182194	0.176923511	0.197385027
   0.195216136	0.171642561	0.197167371
   0.195414323	0.171459877	0.197129672
   0.195438273	0.171103795	0.197665688
   0.194602795	0.171094825	0.196632982
   0.193167708	0.172572301	0.196882435
   0.193124105	0.171640104	0.195056677
   0.195298667	0.169927506	0.193506385
   0.194059299	0.168854357	0.192433135
   0.194219757	0.171493701	0.192186804
   0.192966581	0.169121592	0.191148751
   0.189006228	0.16509486	0.189018464
   0.187964135	0.165003141	0.189117727
   0.189282921	0.162486061	0.190203721
   0.190649898	0.162663006	0.189064514
   0.192523362	0.166416525	0.188005908
   0.192646671	0.167210136	0.186824162
   0.190506065	0.166191499	0.181256453
   0.18934871	0.166150742	0.182133152
   0.186725696	0.164641545	0.185233859
   0.186592188	0.163707598	0.183512366
   0.185610864	0.164196313	0.182492845
   0.185860103	0.161912431	0.181595146
   0.182980817	0.157773414	0.17758617
   0.182082915	0.15749978	0.178195987
   0.182277601	0.155310588	0.180976727
   0.183069749	0.155958182	0.1808774
   0.182298534	0.160461478	0.179825686
   0.182022366	0.158714133	0.178731171
   0.183987316	0.150793196	0.175418055
   0.183143021	0.151756671	0.173627241
   0.181441117	0.151684913	0.172596221
   0.181764197	0.151938553	0.173685579
   0.181337869	0.155544957	0.174091336
   0.182454763	0.154341108	0.174008738
   0.184849281	0.147210556	0.17403018
   0.18268413	0.14510141	0.172726163
   0.178091762	0.144279378	0.165448768
   0.17596984	0.145005678	0.166357948
   0.172017702	0.148317047	0.169247237
   0.172399235	0.147216388	0.171114683
   0.173926521	0.146247152	0.173259701
   0.174355934	0.146107871	0.173416318
   0.171932735	0.141877603	0.170566465
   0.17345075	0.140228251	0.166524677
   0.173503483	0.137206517	0.162149588
   0.170412072	0.134126081	0.157338752
   0.167417114	0.133665634	0.157215228
   0.16724653	0.133517404	0.162441296
   0.166849874	0.133985695	0.165818073
   0.16719785	0.138651002	0.167741839
   0.168835416	0.13598558	0.16610831
   0.165931138	0.1361734	0.161745743
   0.166110312	0.13927741	0.159158312
   0.168124399	0.135797971	0.159940142
   0.168604828	0.131074747	0.157672513
   0.167735114	0.128856645	0.155902822
   0.164938845	0.126458858	0.151859345
   0.163973739	0.128942751	0.151856448
   0.166831802	0.13539822	0.154784262
   0.171288935	0.136376636	0.154297488
   0.170694566	0.135083529	0.15431664
   0.163440315	0.131137561	0.15411486
   0.158200212	0.127185376	0.15262578
   0.157166766	0.126386546	0.151606908
   0.1597107	0.125286357	0.149969648
   0.161434404	0.121969371	0.147734219
   0.162231808	0.118763577	0.145671364
   0.157015682	0.116014531	0.144749761
   0.155773773	0.114922504	0.143713072
   0.157924055	0.110350098	0.143140034
   0.157995756	0.111357661	0.14225702
   0.157210252	0.116278971	0.142672338
   0.157597241	0.114136312	0.14254491
   0.155052921	0.106410346	0.142250465
   0.153134357	0.106577159	0.141052665
   0.149329711	0.106716084	0.134958009
   0.149455388	0.107749291	0.134064406
   0.149798021	0.118908034	0.13648146
   0.14880711	0.121973181	0.137446039
   0.148012354	0.119686448	0.142518756
   0.148637989	0.120526159	0.143370365
   0.145990311	0.120521154	0.138464201
   0.142398009	0.118411029	0.135228272
   0.140417291	0.112292133	0.128262129
   0.139786482	0.109292247	0.125327411
   0.136526552	0.110355939	0.124832141
   0.136191693	0.106412777	0.124872662
   0.142629617	0.10557823	0.128414286
   0.146295458	0.102328516	0.130263473
   0.150085568	0.098675636	0.132823338
   0.149080034	0.094609825	0.134639784
   0.143135618	0.092600719	0.133867936
   0.141139973	0.090525316	0.132524475
   0.135951591	0.091116864	0.128795724
   0.135596388	0.09398012	0.125682616
   0.141354032	0.10220857	0.125595706
   0.143560952	0.102017622	0.121280524
