400.08
400.32
400.56
400.8
401.04
401.28
401.52
401.76
402
402.24
402.48
402.72
402.96
403.2
403.44
403.68
403.92
404.16
404.4
404.64
404.88
405.12
405.36
405.6
405.84
406.08
406.32
406.56
406.8
407.04
407.28
407.52
407.76
408
408.24
408.48
408.72
408.96
409.2
409.44
409.68
409.92
410.16
410.4
410.64
410.88
411.12
411.36
411.6
411.84
412.08
412.32
412.56
412.8
413.04
413.28
413.52
413.76
414
414.24
414.48
414.72
414.96
415.2
415.44
415.68
415.92
416.16
416.4
416.64
416.88
417.12
417.36
417.6
417.84
418.08
418.32
418.56
418.8
419.04
419.28
419.52
419.76
420
420.24
420.48
420.72
420.96
421.2
421.44
421.68
421.92
422.16
422.4
422.64
422.88
423.12
423.36
423.6
423.84
424.08
424.32
424.56
424.8
425.04
425.28
425.52
425.76
426
426.24
426.48
426.72
426.96
427.2
427.44
427.68
427.92
428.16
428.4
428.64
428.88
429.12
429.36
429.6
429.84
430.08
430.32
430.56
430.8
431.04
431.28
431.52
431.76
432
432.24
432.48
432.72
432.96
433.2
433.44
433.68
433.92
434.16
434.4
434.64
434.88
435.12
435.36
435.6
435.84
436.08
436.32
436.56
436.8
437.04
437.28
437.52
437.76
438
438.24
438.48
438.72
438.96
439.2
439.44
439.68
439.92
440.16
440.4
440.64
440.88
441.12
441.36
441.6
441.84
442.08
442.32
442.56
442.8
443.04
443.28
443.52
443.76
444
444.24
444.48
444.72
444.96
445.2
445.44
445.68
445.92
446.16
446.4
446.64
446.88
447.12
447.36
447.6
447.84
448.08
448.32
448.56
448.8
449.04
449.28
449.52
449.76
450
450.24
450.48
450.72
450.96
451.2
451.44
451.68
451.92
452.16
452.4
452.64
452.88
453.12
453.36
453.6
453.84
454.08
454.32
454.56
454.8
455.04
455.28
455.52
455.76
456
456.24
456.48
456.72
456.96
457.2
457.44
457.68
457.92
458.16
458.4
458.64
458.88
459.12
459.36
459.6
459.84
460.08
460.32
460.56
460.8
461.04
461.28
461.52
461.76
462
462.24
462.48
462.72
462.96
463.2
463.44
463.68
463.92
464.16
464.4
464.64
464.88
465.12
465.36
465.6
465.84
466.08
466.32
466.56
466.8
467.04
467.28
467.52
467.76
468
468.24
468.48
468.72
468.96
469.2
469.44
469.68
469.92
470.16
470.4
470.64
470.88
471.12
471.36
471.6
471.84
472.08
472.32
472.56
472.8
473.04
473.28
473.52
473.76
474
474.24
474.48
474.72
474.96
475.2
475.44
475.68
475.92
476.16
476.4
476.64
476.88
477.12
477.36
477.6
477.84
478.08
478.32
478.56
478.8
479.04
479.28
479.52
479.76
480
480.24
480.48
480.72
480.96
481.2
481.44
481.68
481.92
482.16
482.4
482.64
482.88
483.12
483.36
483.6
483.84
484.08
484.32
484.56
484.8
485.04
485.28
485.52
485.76
486
486.24
486.48
486.72
486.96
487.2
487.44
487.68
487.92
488.16
488.4
488.64
488.88
489.12
489.36
489.6
489.84
490.08
490.32
490.56
490.8
491.04
491.28
491.52
491.76
492
492.24
492.48
492.72
492.96
493.2
493.44
493.68
493.92
494.16
494.4
494.64
494.88
495.12
495.36
495.6
495.84
496.08
496.32
496.56
496.8
497.04
497.28
497.52
497.76
498
498.24
498.48
498.72
498.96
499.2
499.44
499.68
499.92
500.16
500.4
500.64
500.88
501.12
501.36
501.6
501.84
502.08
502.32
502.56
502.8
503.04
503.28
503.52
503.76
504
504.24
504.48
504.72
504.96
505.2
505.44
505.68
505.92
506.16
506.4
506.64
506.88
507.12
507.36
507.6
507.84
508.08
508.32
508.56
508.8
509.04
509.28
509.52
509.76
510
510.24
510.48
510.72
510.96
511.2
511.44
511.68
511.92
512.16
512.4
512.64
512.88
513.12
513.36
513.6
513.84
514.08
514.32
514.56
514.8
515.04
515.28
515.52
515.76
516
516.24
516.48
516.72
516.96
517.2
517.44
517.68
517.92
518.16
518.4
518.64
518.88
519.12
519.36
519.6
519.84
520.08
520.32
520.56
520.8
521.04
521.28
521.52
521.76
522
522.24
522.48
522.72
522.96
523.2
523.44
523.68
523.92
524.16
524.4
524.64
524.88
525.12
525.36
525.6
525.84
526.08
526.32
526.56
526.8
527.04
527.28
527.52
527.76
528
528.24
528.48
528.72
528.96
529.2
529.44
529.68
529.92
530.16
530.4
530.64
530.88
531.12
531.36
531.6
531.84
532.08
532.32
532.56
532.8
533.04
533.28
533.52
533.76
534
534.24
534.48
534.72
534.96
535.2
535.44
535.68
535.92
536.16
536.4
536.64
536.88
537.12
537.36
537.6
537.84
538.08
538.32
538.56
538.8
539.04
539.28
539.52
539.76
540
540.24
540.48
540.72
540.96
541.2
541.44
541.68
541.92
542.16
542.4
542.64
542.88
543.12
543.36
543.6
543.84
544.08
544.32
544.56
544.8
545.04
545.28
545.52
545.76
546
546.24
546.48
546.72
546.96
547.2
547.44
547.68
547.92
548.16
548.4
548.64
548.88
549.12
549.36
549.6
549.84
550.08
550.32
550.56
550.8
551.04
551.28
551.52
551.76
552
552.24
552.48
552.72
552.96
553.2
553.44
553.68
553.92
554.16
554.4
554.64
554.88
555.12
555.36
555.6
555.84
556.08
556.32
556.56
556.8
557.04
557.28
557.52
557.76
558
558.24
558.48
558.72
558.96
559.2
559.44
559.68
559.92
560.16
560.4
560.64
560.88
561.12
561.36
561.6
561.84
562.08
562.32
562.56
562.8
563.04
563.28
563.52
563.76
564
564.24
564.48
564.72
564.96
565.2
565.44
565.68
565.92
566.16
566.4
566.64
566.88
567.12
567.36
567.6
567.84
568.08
568.32
568.56
568.8
569.04
569.28
569.52
569.76
570
570.24
570.48
570.72
570.96
571.2
571.44
571.68
571.92
572.16
572.4
572.64
572.88
573.12
573.36
573.6
573.84
574.08
574.32
574.56
574.8
575.04
575.28
575.52
575.76
576
576.24
576.48
576.72
576.96
577.2
577.44
577.68
577.92
578.16
578.4
578.64
578.88
579.12
579.36
579.6
579.84
580.08
580.32
580.56
580.8
581.04
581.28
581.52
581.76
582
582.24
582.48
582.72
582.96
583.2
583.44
583.68
583.92
584.16
584.4
584.64
584.88
585.12
585.36
585.6
585.84
586.08
586.32
586.56
586.8
587.04
587.28
587.52
587.76
588
588.24
588.48
588.72
588.96
589.2
589.44
589.68
589.92
590.16
590.4
590.64
590.88
591.12
591.36
591.6
591.84
592.08
592.32
592.56
592.8
593.04
593.28
593.52
593.76
594
594.24
594.48
594.72
594.96
595.2
595.44
595.68
595.92
596.16
596.4
596.64
596.88
597.12
597.36
597.6
597.84
598.08
598.32
598.56
598.8
599.04
599.28
599.52
599.76
600
600.24
600.48
600.72
600.96
601.2
601.44
601.68
601.92
602.16
602.4
602.64
602.88
603.12
603.36
603.6
603.84
604.08
604.32
604.56
604.8
605.04
605.28
605.52
605.76
606
606.24
606.48
606.72
606.96
607.2
607.44
607.68
607.92
608.16
608.4
608.64
608.88
609.12
609.36
609.6
609.84
610.08
610.32
610.56
610.8
611.04
611.28
611.52
611.76
612
612.24
612.48
612.72
612.96
613.2
613.44
613.68
613.92
614.16
614.4
614.64
614.88
615.12
615.36
615.6
615.84
616.08
616.32
616.56
616.8
617.04
617.28
617.52
617.76
618
618.24
618.48
618.72
618.96
619.2
619.44
619.68
619.92
620.16
620.4
620.64
620.88
621.12
621.36
621.6
621.84
622.08
622.32
622.56
622.8
623.04
623.28
623.52
623.76
624
624.24
624.48
624.72
624.96
625.2
625.44
625.68
625.92
626.16
626.4
626.64
626.88
627.12
627.36
627.6
627.84
628.08
628.32
628.56
628.8
629.04
629.28
629.52
629.76
630
630.24
630.48
630.72
630.96
631.2
631.44
631.68
631.92
632.16
632.4
632.64
632.88
633.12
633.36
633.6
633.84
634.08
634.32
634.56
634.8
635.04
635.28
635.52
635.76
636
636.24
636.48
636.72
636.96
637.2
637.44
637.68
637.92
638.16
638.4
638.64
638.88
639.12
639.36
639.6
639.84
640.08
640.32
640.56
640.8
641.04
641.28
641.52
641.76
642
642.24
642.48
642.72
642.96
643.2
643.44
643.68
643.92
644.16
644.4
644.64
644.88
645.12
645.36
645.6
645.84
646.08
646.32
646.56
646.8
647.04
647.28
647.52
647.76
648
648.24
648.48
648.72
648.96
649.2
649.44
649.68
649.92
650.16
650.4
650.64
650.88
651.12
651.36
651.6
651.84
652.08
652.32
652.56
652.8
653.04
653.28
653.52
653.76
654
654.24
654.48
654.72
654.96
655.2
655.44
655.68
655.92
656.16
656.4
656.64
656.88
657.12
657.36
657.6
657.84
658.08
658.32
658.56
658.8
659.04
659.28
659.52
659.76
660
660.24
660.48
660.72
660.96
661.2
661.44
661.68
661.92
662.16
662.4
662.64
662.88
663.12
663.36
663.6
663.84
664.08
664.32
664.56
664.8
665.04
665.28
665.52
665.76
666
666.24
666.48
666.72
666.96
667.2
667.44
667.68
667.92
668.16
668.4
668.64
668.88
669.12
669.36
669.6
669.84
670.08
670.32
670.56
670.8
671.04
671.28
671.52
671.76
672
672.24
672.48
672.72
672.96
673.2
673.44
673.68
673.92
674.16
674.4
674.64
674.88
675.12
675.36
675.6
675.84
676.08
676.32
676.56
676.8
677.04
677.28
677.52
677.76
678
678.24
678.48
678.72
678.96
679.2
679.44
679.68
679.92
680.16
680.4
680.64
680.88
681.12
681.36
681.6
681.84
682.08
682.32
682.56
682.8
683.04
683.28
683.52
683.76
684
684.24
684.48
684.72
684.96
685.2
685.44
685.68
685.92
686.16
686.4
686.64
686.88
687.12
687.36
687.6
687.84
688.08
688.32
688.56
688.8
689.04
689.28
689.52
689.76
690
690.24
690.48
690.72
690.96
691.2
691.44
691.68
691.92
692.16
692.4
692.64
692.88
693.12
693.36
693.6
693.84
694.08
694.32
694.56
694.8
695.04
695.28
695.52
695.76
696
696.24
696.48
696.72
696.96
697.2
697.44
697.68
697.92
698.16
698.4
698.64
698.88
699.12
699.36
699.6
699.84
700.08
700.32
700.56
700.8
701.04
701.28
701.52
701.76
702
702.24
702.48
702.72
702.96
703.2
703.44
703.68
703.92
704.16
704.4
704.64
704.88
705.12
705.36
705.6
705.84
706.08
706.32
706.56
706.8
707.04
707.28
707.52
707.76
708
708.24
708.48
708.72
708.96
709.2
709.44
709.68
709.92
710.16
710.4
710.64
710.88
711.12
711.36
711.6
711.84
712.08
712.32
712.56
712.8
713.04
713.28
713.52
713.76
714
714.24
714.48
714.72
714.96
715.2
715.44
715.68
715.92
716.16
716.4
716.64
716.88
717.12
717.36
717.6
717.84
718.08
718.32
718.56
718.8
719.04
719.28
719.52
719.76
720
720.24
720.48
720.72
720.96
721.2
721.44
721.68
721.92
722.16
722.4
722.64
722.88
723.12
723.36
723.6
723.84
724.08
724.32
724.56
724.8
725.04
725.28
725.52
725.76
726
726.24
726.48
726.72
726.96
727.2
727.44
727.68
727.92
728.16
728.4
728.64
728.88
729.12
729.36
729.6
729.84
730.08
730.32
730.56
730.8
731.04
731.28
731.52
731.76
732
732.24
732.48
732.72
732.96
733.2
733.44
733.68
733.92
734.16
734.4
734.64
734.88
735.12
735.36
735.6
735.84
736.08
736.32
736.56
736.8
737.04
737.28
737.52
737.76
738
738.24
738.48
738.72
738.96
739.2
739.44
739.68
739.92
740.16
740.4
740.64
740.88
741.12
741.36
741.6
741.84
742.08
742.32
742.56
742.8
743.04
743.28
743.52
743.76
744
744.24
744.48
744.72
744.96
745.2
745.44
745.68
745.92
746.16
746.4
746.64
746.88
747.12
747.36
747.6
747.84
748.08
748.32
748.56
748.8
749.04
749.28
749.52
749.76
750
750.24
750.48
750.72
750.96
751.2
751.44
751.68
751.92
752.16
752.4
752.64
752.88
753.12
753.36
753.6
753.84
754.08
754.32
754.56
754.8
755.04
755.28
755.52
755.76
756
756.24
756.48
756.72
756.96
757.2
757.44
757.68
757.92
758.16
758.4
758.64
758.88
759.12
759.36
759.6
759.84
760.08
760.32
760.56
760.8
761.04
761.28
761.52
761.76
762
762.24
762.48
762.72
762.96
763.2
763.44
763.68
763.92
764.16
764.4
764.64
764.88
765.12
765.36
765.6
765.84
766.08
766.32
766.56
766.8
767.04
767.28
767.52
767.76
768
768.24
768.48
768.72
768.96
769.2
769.44
769.68
769.92
770.16
770.4
770.64
770.88
771.12
771.36
771.6
771.84
772.08
772.32
772.56
772.8
773.04
773.28
773.52
773.76
774
774.24
774.48
774.72
774.96
775.2
775.44
775.68
775.92
776.16
776.4
776.64
776.88
777.12
777.36
777.6
777.84
778.08
778.32
778.56
778.8
779.04
779.28
779.52
779.76
780
780.24
780.48
780.72
780.96
781.2
781.44
781.68
781.92
782.16
782.4
782.64
782.88
783.12
783.36
783.6
783.84
784.08
784.32
784.56
784.8
785.04
785.28
785.52
785.76
786
786.24
786.48
786.72
786.96
787.2
787.44
787.68
787.92
788.16
788.4
788.64
788.88
789.12
789.36
789.6
789.84
790.08
790.32
790.56
790.8
791.04
791.28
791.52
791.76
792
792.24
792.48
792.72
792.96
793.2
793.44
793.68
793.92
794.16
794.4
794.64
794.88
795.12
795.36
795.6
795.84
796.08
796.32
796.56
796.8
797.04
797.28
797.52
797.76
798
798.24
798.48
798.72
798.96
799.2
799.44
799.68
799.92
800.16
800.4
800.64
800.88
801.12
801.36
801.6
801.84
802.08
802.32
802.56
802.8
803.04
803.28
803.52
803.76
804
804.24
804.48
804.72
804.96
805.2
805.44
805.68
805.92
806.16
806.4
806.64
806.88
807.12
807.36
807.6
807.84
808.08
808.32
808.56
808.8
809.04
809.28
809.52
809.76
810
810.24
810.48
810.72
810.96
811.2
811.44
811.68
811.92
812.16
812.4
812.64
812.88
813.12
813.36
813.6
813.84
814.08
814.32
814.56
814.8
815.04
815.28
815.52
815.76
816
816.24
816.48
816.72
816.96
817.2
817.44
817.68
817.92
818.16
818.4
818.64
818.88
819.12
819.36
819.6
819.84
820.08
820.32
820.56
820.8
821.04
821.28
821.52
821.76
822
822.24
822.48
822.72
822.96
823.2
823.44
823.68
823.92
824.16
824.4
824.64
824.88
825.12
825.36
825.6
825.84
826.08
826.32
826.56
826.8
827.04
827.28
827.52
827.76
828
828.24
828.48
828.72
828.96
829.2
829.44
829.68
829.92
830.16
830.4
830.64
830.88
831.12
831.36
831.6
831.84
832.08
832.32
832.56
832.8
833.04
833.28
833.52
833.76
834
834.24
834.48
834.72
834.96
835.2
835.44
835.68
835.92
836.16
836.4
836.64
836.88
837.12
837.36
837.6
837.84
838.08
838.32
838.56
838.8
839.04
839.28
839.52
839.76
840
840.24
840.48
840.72
840.96
841.2
841.44
841.68
841.92
842.16
842.4
842.64
842.88
843.12
843.36
843.6
843.84
844.08
844.32
844.56
844.8
845.04
845.28
845.52
845.76
846
846.24
846.48
846.72
846.96
847.2
847.44
847.68
847.92
848.16
848.4
848.64
848.88
849.12
849.36
849.6
849.84
850.08
850.32
850.56
850.8
851.04
851.28
851.52
851.76
852
852.24
852.48
852.72
852.96
853.2
853.44
853.68
853.92
854.16
854.4
854.64
854.88
855.12
855.36
855.6
855.84
856.08
856.32
856.56
856.8
857.04
857.28
857.52
857.76
858
858.24
858.48
858.72
858.96
859.2
859.44
859.68
859.92
860.16
860.4
860.64
860.88
861.12
861.36
861.6
861.84
862.08
862.32
862.56
862.8
863.04
863.28
863.52
863.76
864
864.24
864.48
864.72
864.96
865.2
865.44
865.68
865.92
866.16
866.4
866.64
866.88
867.12
867.36
867.6
867.84
868.08
868.32
868.56
868.8
869.04
869.28
869.52
869.76
870
870.24
870.48
870.72
870.96
871.2
871.44
871.68
871.92
872.16
872.4
872.64
872.88
873.12
873.36
873.6
873.84
874.08
874.32
874.56
874.8
875.04
875.28
875.52
875.76
876
876.24
876.48
876.72
876.96
877.2
877.44
877.68
877.92
878.16
878.4
878.64
878.88
879.12
879.36
879.6
879.84
880.08
880.32
880.56
880.8
881.04
881.28
881.52
881.76
882
882.24
882.48
882.72
882.96
883.2
883.44
883.68
883.92
884.16
884.4
884.64
884.88
885.12
885.36
885.6
885.84
886.08
886.32
886.56
886.8
887.04
887.28
887.52
887.76
888
888.24
888.48
888.72
888.96
889.2
889.44
889.68
889.92
890.16
890.4
890.64
890.88
891.12
891.36
891.6
891.84
892.08
892.32
892.56
892.8
893.04
893.28
893.52
893.76
894
894.24
894.48
894.72
894.96
895.2
895.44
895.68
895.92
896.16
896.4
896.64
896.88
897.12
897.36
897.6
897.84
898.08
898.32
898.56
898.8
899.04
899.28
899.52
899.76
900
900.24
900.48
900.72
900.96
901.2
901.44
901.68
901.92
902.16
902.4
902.64
902.88
903.12
903.36
903.6
903.84
904.08
904.32
904.56
904.8
905.04
905.28
905.52
905.76
906
906.24
906.48
906.72
906.96
907.2
907.44
907.68
907.92
908.16
908.4
908.64
908.88
909.12
909.36
909.6
909.84
910.08
910.32
910.56
910.8
911.04
911.28
911.52
911.76
912
912.24
912.48
912.72
912.96
913.2
913.44
913.68
913.92
914.16
914.4
914.64
914.88
915.12
915.36
915.6
915.84
916.08
916.32
916.56
916.8
917.04
917.28
917.52
917.76
918
918.24
918.48
918.72
918.96
919.2
919.44
919.68
919.92
920.16
920.4
920.64
920.88
921.12
921.36
921.6
921.84
922.08
922.32
922.56
922.8
923.04
923.28
923.52
923.76
924
924.24
924.48
924.72
924.96
925.2
925.44
925.68
925.92
926.16
926.4
926.64
926.88
927.12
927.36
927.6
927.84
928.08
928.32
928.56
928.8
929.04
929.28
929.52
929.76
930
930.24
930.48
930.72
930.96
931.2
931.44
931.68
931.92
932.16
932.4
932.64
932.88
933.12
933.36
933.6
933.84
934.08
934.32
934.56
934.8
935.04
935.28
935.52
935.76
936
936.24
936.48
936.72
936.96
937.2
937.44
937.68
937.92
938.16
938.4
938.64
938.88
939.12
939.36
939.6
939.84
940.08
940.32
940.56
940.8
941.04
941.28
941.52
941.76
942
942.24
942.48
942.72
942.96
943.2
943.44
943.68
943.92
944.16
944.4
944.64
944.88
945.12
945.36
945.6
945.84
946.08
946.32
946.56
946.8
947.04
947.28
947.52
947.76
948
948.24
948.48
948.72
948.96
949.2
949.44
949.68
949.92
950.16
950.4
950.64
950.88
951.12
951.36
951.6
951.84
952.08
952.32
952.56
952.8
953.04
953.28
953.52
953.76
954
954.24
954.48
954.72
954.96
955.2
955.44
955.68
955.92
956.16
956.4
956.64
956.88
957.12
957.36
957.6
957.84
958.08
958.32
958.56
958.8
959.04
959.28
959.52
959.76
960
960.24
960.48
960.72
960.96
961.2
961.44
961.68
961.92
962.16
962.4
962.64
962.88
963.12
963.36
963.6
963.84
964.08
964.32
964.56
964.8
965.04
965.28
965.52
965.76
966
966.24
966.48
966.72
966.96
967.2
967.44
967.68
967.92
968.16
968.4
968.64
968.88
969.12
969.36
969.6
969.84
970.08
970.32
970.56
970.8
971.04
971.28
971.52
971.76
972
972.24
972.48
972.72
972.96
973.2
973.44
973.68
973.92
974.16
974.4
974.64
974.88
975.12
975.36
975.6
975.84
976.08
976.32
976.56
976.8
977.04
977.28
977.52
977.76
978
978.24
978.48
978.72
978.96
979.2
979.44
979.68
979.92
980.16
980.4
980.64
980.88
981.12
981.36
981.6
981.84
982.08
982.32
982.56
982.8
983.04
983.28
983.52
983.76
984
984.24
984.48
984.72
984.96
985.2
985.44
985.68
985.92
986.16
986.4
986.64
986.88
987.12
987.36
987.6
987.84
988.08
988.32
988.56
988.8
989.04
989.28
989.52
989.76
990
990.24
990.48
990.72
990.96
991.2
991.44
991.68
991.92
992.16
992.4
992.64
992.88
993.12
993.36
993.6
993.84
994.08
994.32
994.56
994.8
995.04
995.28
995.52
995.76
996
996.24
996.48
996.72
996.96
997.2
997.44
997.68
997.92
998.16
998.4
998.64
998.88
999.12
999.36
999.6
999.84
1000.08
